##TITLE= SL-sin-13C-1ms-RF4kHz-BW6kHz-05G
##JCAMP-DX= 5.00 Bruker JCAMP library
##DATA TYPE= Shape Data
##ORIGIN= SPINACH
##OWNER= Mengjia He, mengjia.he@kit.edu
##DATE= 2024/11/29
##TIME= 09:36:07
##$SHAPE_PARAMETERS= Type: 
##MINX= 1.000000E02
##MAXX= 1.000000E02
##MINY= 6.424274E01
##MAXY= 2.468735E02
##$SHAPE_EXMODE= 0
##$SHAPE_TOTROT= 0.000000E00
##$SHAPE_Duration= 1.000000E00 ms
##$SHAPE_B1Amplitude= 4.000000E03
##$SHAPE_B1inhomogeneity= 1.500000E-01
##$SHAPE_bandwidth= 6.000000E03 Hz
##$SHAPE_FIDELITY= 9.962747E-01
##$SHAPE_TYPE= spin locking
##$SHAPE_USER_DEF= 
##$SHAPE_REPHFAC= 
##$SHAPE_BWFAC= 6.000000E00
##$SHAPE_BWFAC50= 
##$SHAPE_INTEGFAC= 0.000000E00
##$SHAPE_MODE= 0
##NPOINTS= 1000
##XYPOINTS= (XY..XY)
1.000000E02, 1.765453E02
1.000000E02, 1.755653E02
1.000000E02, 1.745964E02
1.000000E02, 1.736495E02
1.000000E02, 1.727258E02
1.000000E02, 1.718284E02
1.000000E02, 1.709646E02
1.000000E02, 1.701346E02
1.000000E02, 1.693401E02
1.000000E02, 1.685940E02
1.000000E02, 1.679007E02
1.000000E02, 1.672512E02
1.000000E02, 1.666423E02
1.000000E02, 1.660785E02
1.000000E02, 1.655550E02
1.000000E02, 1.650605E02
1.000000E02, 1.645957E02
1.000000E02, 1.641681E02
1.000000E02, 1.637804E02
1.000000E02, 1.634274E02
1.000000E02, 1.630990E02
1.000000E02, 1.627885E02
1.000000E02, 1.624940E02
1.000000E02, 1.622235E02
1.000000E02, 1.619924E02
1.000000E02, 1.617977E02
1.000000E02, 1.616161E02
1.000000E02, 1.614389E02
1.000000E02, 1.612809E02
1.000000E02, 1.611501E02
1.000000E02, 1.610377E02
1.000000E02, 1.609425E02
1.000000E02, 1.608733E02
1.000000E02, 1.608259E02
1.000000E02, 1.607889E02
1.000000E02, 1.607624E02
1.000000E02, 1.607515E02
1.000000E02, 1.607547E02
1.000000E02, 1.607689E02
1.000000E02, 1.608034E02
1.000000E02, 1.608678E02
1.000000E02, 1.609492E02
1.000000E02, 1.610343E02
1.000000E02, 1.611285E02
1.000000E02, 1.612362E02
1.000000E02, 1.613541E02
1.000000E02, 1.614856E02
1.000000E02, 1.616388E02
1.000000E02, 1.618105E02
1.000000E02, 1.619919E02
1.000000E02, 1.621827E02
1.000000E02, 1.623836E02
1.000000E02, 1.625939E02
1.000000E02, 1.628191E02
1.000000E02, 1.630685E02
1.000000E02, 1.633374E02
1.000000E02, 1.636068E02
1.000000E02, 1.638748E02
1.000000E02, 1.641601E02
1.000000E02, 1.644657E02
1.000000E02, 1.647807E02
1.000000E02, 1.651109E02
1.000000E02, 1.654674E02
1.000000E02, 1.658398E02
1.000000E02, 1.662118E02
1.000000E02, 1.665896E02
1.000000E02, 1.669916E02
1.000000E02, 1.674198E02
1.000000E02, 1.678658E02
1.000000E02, 1.683296E02
1.000000E02, 1.688118E02
1.000000E02, 1.693024E02
1.000000E02, 1.697978E02
1.000000E02, 1.703123E02
1.000000E02, 1.708519E02
1.000000E02, 1.714071E02
1.000000E02, 1.719826E02
1.000000E02, 1.725940E02
1.000000E02, 1.732388E02
1.000000E02, 1.739016E02
1.000000E02, 1.745808E02
1.000000E02, 1.752861E02
1.000000E02, 1.760243E02
1.000000E02, 1.768025E02
1.000000E02, 1.776274E02
1.000000E02, 1.784884E02
1.000000E02, 1.793651E02
1.000000E02, 1.802583E02
1.000000E02, 1.811901E02
1.000000E02, 1.821672E02
1.000000E02, 1.831774E02
1.000000E02, 1.842207E02
1.000000E02, 1.853042E02
1.000000E02, 1.864237E02
1.000000E02, 1.875843E02
1.000000E02, 1.888084E02
1.000000E02, 1.901030E02
1.000000E02, 1.914547E02
1.000000E02, 1.928598E02
1.000000E02, 1.943297E02
1.000000E02, 1.958698E02
1.000000E02, 1.974742E02
1.000000E02, 1.991426E02
1.000000E02, 2.008806E02
1.000000E02, 2.026835E02
1.000000E02, 2.045425E02
1.000000E02, 2.064602E02
1.000000E02, 2.084335E02
1.000000E02, 2.104391E02
1.000000E02, 2.124632E02
1.000000E02, 2.145151E02
1.000000E02, 2.165950E02
1.000000E02, 2.186812E02
1.000000E02, 2.207542E02
1.000000E02, 2.228017E02
1.000000E02, 2.248041E02
1.000000E02, 2.267442E02
1.000000E02, 2.286207E02
1.000000E02, 2.304308E02
1.000000E02, 2.321541E02
1.000000E02, 2.337713E02
1.000000E02, 2.352833E02
1.000000E02, 2.366916E02
1.000000E02, 2.379820E02
1.000000E02, 2.391506E02
1.000000E02, 2.402183E02
1.000000E02, 2.411953E02
1.000000E02, 2.420698E02
1.000000E02, 2.428438E02
1.000000E02, 2.435350E02
1.000000E02, 2.441483E02
1.000000E02, 2.446837E02
1.000000E02, 2.451523E02
1.000000E02, 2.455589E02
1.000000E02, 2.458977E02
1.000000E02, 2.461718E02
1.000000E02, 2.463952E02
1.000000E02, 2.465731E02
1.000000E02, 2.467018E02
1.000000E02, 2.467889E02
1.000000E02, 2.468477E02
1.000000E02, 2.468735E02
1.000000E02, 2.468546E02
1.000000E02, 2.467967E02
1.000000E02, 2.467098E02
1.000000E02, 2.465888E02
1.000000E02, 2.464304E02
1.000000E02, 2.462451E02
1.000000E02, 2.460330E02
1.000000E02, 2.457764E02
1.000000E02, 2.454670E02
1.000000E02, 2.451149E02
1.000000E02, 2.447227E02
1.000000E02, 2.442802E02
1.000000E02, 2.437890E02
1.000000E02, 2.432627E02
1.000000E02, 2.426980E02
1.000000E02, 2.420780E02
1.000000E02, 2.414037E02
1.000000E02, 2.406869E02
1.000000E02, 2.399233E02
1.000000E02, 2.391035E02
1.000000E02, 2.382319E02
1.000000E02, 2.373097E02
1.000000E02, 2.363230E02
1.000000E02, 2.352635E02
1.000000E02, 2.341347E02
1.000000E02, 2.329337E02
1.000000E02, 2.316502E02
1.000000E02, 2.302841E02
1.000000E02, 2.288395E02
1.000000E02, 2.273055E02
1.000000E02, 2.256672E02
1.000000E02, 2.239264E02
1.000000E02, 2.220875E02
1.000000E02, 2.201393E02
1.000000E02, 2.180720E02
1.000000E02, 2.158872E02
1.000000E02, 2.135796E02
1.000000E02, 2.111385E02
1.000000E02, 2.085662E02
1.000000E02, 2.058727E02
1.000000E02, 2.030579E02
1.000000E02, 2.001195E02
1.000000E02, 1.970663E02
1.000000E02, 1.939097E02
1.000000E02, 1.906515E02
1.000000E02, 1.872965E02
1.000000E02, 1.838637E02
1.000000E02, 1.803736E02
1.000000E02, 1.768377E02
1.000000E02, 1.732702E02
1.000000E02, 1.696929E02
1.000000E02, 1.661214E02
1.000000E02, 1.625646E02
1.000000E02, 1.590418E02
1.000000E02, 1.555797E02
1.000000E02, 1.521935E02
1.000000E02, 1.488904E02
1.000000E02, 1.456859E02
1.000000E02, 1.425959E02
1.000000E02, 1.396253E02
1.000000E02, 1.367797E02
1.000000E02, 1.340732E02
1.000000E02, 1.315136E02
1.000000E02, 1.290941E02
1.000000E02, 1.268113E02
1.000000E02, 1.246730E02
1.000000E02, 1.226794E02
1.000000E02, 1.208181E02
1.000000E02, 1.190823E02
1.000000E02, 1.174717E02
1.000000E02, 1.159778E02
1.000000E02, 1.145892E02
1.000000E02, 1.132998E02
1.000000E02, 1.121029E02
1.000000E02, 1.109876E02
1.000000E02, 1.099445E02
1.000000E02, 1.089683E02
1.000000E02, 1.080531E02
1.000000E02, 1.071895E02
1.000000E02, 1.063693E02
1.000000E02, 1.055890E02
1.000000E02, 1.048446E02
1.000000E02, 1.041288E02
1.000000E02, 1.034382E02
1.000000E02, 1.027705E02
1.000000E02, 1.021196E02
1.000000E02, 1.014819E02
1.000000E02, 1.008589E02
1.000000E02, 1.002484E02
1.000000E02, 9.964362E01
1.000000E02, 9.904264E01
1.000000E02, 9.844890E01
1.000000E02, 9.786152E01
1.000000E02, 9.727416E01
1.000000E02, 9.668510E01
1.000000E02, 9.609888E01
1.000000E02, 9.551516E01
1.000000E02, 9.492775E01
1.000000E02, 9.433612E01
1.000000E02, 9.374477E01
1.000000E02, 9.315251E01
1.000000E02, 9.255463E01
1.000000E02, 9.195186E01
1.000000E02, 9.134704E01
1.000000E02, 9.073838E01
1.000000E02, 9.012329E01
1.000000E02, 8.950320E01
1.000000E02, 8.887937E01
1.000000E02, 8.825011E01
1.000000E02, 8.761472E01
1.000000E02, 8.697465E01
1.000000E02, 8.633009E01
1.000000E02, 8.568014E01
1.000000E02, 8.502535E01
1.000000E02, 8.436671E01
1.000000E02, 8.370423E01
1.000000E02, 8.303808E01
1.000000E02, 8.236911E01
1.000000E02, 8.169795E01
1.000000E02, 8.102504E01
1.000000E02, 8.035113E01
1.000000E02, 7.967722E01
1.000000E02, 7.900434E01
1.000000E02, 7.833333E01
1.000000E02, 7.766513E01
1.000000E02, 7.700109E01
1.000000E02, 7.634251E01
1.000000E02, 7.569047E01
1.000000E02, 7.504643E01
1.000000E02, 7.441222E01
1.000000E02, 7.378920E01
1.000000E02, 7.317863E01
1.000000E02, 7.258226E01
1.000000E02, 7.200213E01
1.000000E02, 7.143997E01
1.000000E02, 7.089736E01
1.000000E02, 7.037607E01
1.000000E02, 6.987817E01
1.000000E02, 6.940552E01
1.000000E02, 6.895974E01
1.000000E02, 6.854270E01
1.000000E02, 6.815637E01
1.000000E02, 6.780239E01
1.000000E02, 6.748228E01
1.000000E02, 6.719779E01
1.000000E02, 6.695054E01
1.000000E02, 6.674173E01
1.000000E02, 6.657249E01
1.000000E02, 6.644405E01
1.000000E02, 6.635741E01
1.000000E02, 6.631332E01
1.000000E02, 6.631233E01
1.000000E02, 6.635483E01
1.000000E02, 6.644091E01
1.000000E02, 6.657046E01
1.000000E02, 6.674328E01
1.000000E02, 6.695894E01
1.000000E02, 6.721669E01
1.000000E02, 6.751550E01
1.000000E02, 6.785419E01
1.000000E02, 6.823137E01
1.000000E02, 6.864548E01
1.000000E02, 6.909476E01
1.000000E02, 6.957728E01
1.000000E02, 7.009095E01
1.000000E02, 7.063353E01
1.000000E02, 7.120272E01
1.000000E02, 7.179611E01
1.000000E02, 7.241120E01
1.000000E02, 7.304547E01
1.000000E02, 7.369645E01
1.000000E02, 7.436166E01
1.000000E02, 7.503862E01
1.000000E02, 7.572490E01
1.000000E02, 7.641813E01
1.000000E02, 7.711606E01
1.000000E02, 7.781658E01
1.000000E02, 7.851776E01
1.000000E02, 7.921777E01
1.000000E02, 7.991488E01
1.000000E02, 8.060751E01
1.000000E02, 8.129424E01
1.000000E02, 8.197387E01
1.000000E02, 8.264538E01
1.000000E02, 8.330792E01
1.000000E02, 8.396074E01
1.000000E02, 8.460334E01
1.000000E02, 8.523532E01
1.000000E02, 8.585645E01
1.000000E02, 8.646665E01
1.000000E02, 8.706594E01
1.000000E02, 8.765449E01
1.000000E02, 8.823257E01
1.000000E02, 8.880058E01
1.000000E02, 8.935899E01
1.000000E02, 8.990833E01
1.000000E02, 9.044924E01
1.000000E02, 9.098248E01
1.000000E02, 9.150898E01
1.000000E02, 9.202967E01
1.000000E02, 9.254555E01
1.000000E02, 9.305772E01
1.000000E02, 9.356727E01
1.000000E02, 9.407537E01
1.000000E02, 9.458329E01
1.000000E02, 9.509233E01
1.000000E02, 9.560376E01
1.000000E02, 9.611886E01
1.000000E02, 9.663901E01
1.000000E02, 9.716568E01
1.000000E02, 9.770043E01
1.000000E02, 9.824490E01
1.000000E02, 9.880090E01
1.000000E02, 9.937048E01
1.000000E02, 9.995592E01
1.000000E02, 1.005597E02
1.000000E02, 1.011846E02
1.000000E02, 1.018338E02
1.000000E02, 1.025109E02
1.000000E02, 1.032198E02
1.000000E02, 1.039648E02
1.000000E02, 1.047511E02
1.000000E02, 1.055843E02
1.000000E02, 1.064707E02
1.000000E02, 1.074172E02
1.000000E02, 1.084313E02
1.000000E02, 1.095213E02
1.000000E02, 1.106967E02
1.000000E02, 1.119675E02
1.000000E02, 1.133441E02
1.000000E02, 1.148372E02
1.000000E02, 1.164574E02
1.000000E02, 1.182160E02
1.000000E02, 1.201237E02
1.000000E02, 1.221905E02
1.000000E02, 1.244247E02
1.000000E02, 1.268326E02
1.000000E02, 1.294183E02
1.000000E02, 1.321841E02
1.000000E02, 1.351295E02
1.000000E02, 1.382509E02
1.000000E02, 1.415405E02
1.000000E02, 1.449866E02
1.000000E02, 1.485746E02
1.000000E02, 1.522873E02
1.000000E02, 1.561055E02
1.000000E02, 1.600072E02
1.000000E02, 1.639676E02
1.000000E02, 1.679597E02
1.000000E02, 1.719556E02
1.000000E02, 1.759287E02
1.000000E02, 1.798538E02
1.000000E02, 1.837070E02
1.000000E02, 1.874648E02
1.000000E02, 1.911044E02
1.000000E02, 1.946053E02
1.000000E02, 1.979504E02
1.000000E02, 2.011279E02
1.000000E02, 2.041302E02
1.000000E02, 2.069528E02
1.000000E02, 2.095928E02
1.000000E02, 2.120487E02
1.000000E02, 2.143213E02
1.000000E02, 2.164144E02
1.000000E02, 2.183359E02
1.000000E02, 2.200965E02
1.000000E02, 2.217088E02
1.000000E02, 2.231844E02
1.000000E02, 2.245332E02
1.000000E02, 2.257634E02
1.000000E02, 2.268834E02
1.000000E02, 2.279024E02
1.000000E02, 2.288316E02
1.000000E02, 2.296825E02
1.000000E02, 2.304652E02
1.000000E02, 2.311871E02
1.000000E02, 2.318530E02
1.000000E02, 2.324664E02
1.000000E02, 2.330310E02
1.000000E02, 2.335517E02
1.000000E02, 2.340336E02
1.000000E02, 2.344812E02
1.000000E02, 2.348964E02
1.000000E02, 2.352798E02
1.000000E02, 2.356321E02
1.000000E02, 2.359555E02
1.000000E02, 2.362532E02
1.000000E02, 2.365291E02
1.000000E02, 2.367861E02
1.000000E02, 2.370239E02
1.000000E02, 2.372397E02
1.000000E02, 2.374310E02
1.000000E02, 2.375974E02
1.000000E02, 2.377402E02
1.000000E02, 2.378621E02
1.000000E02, 2.379662E02
1.000000E02, 2.380522E02
1.000000E02, 2.381173E02
1.000000E02, 2.381582E02
1.000000E02, 2.381730E02
1.000000E02, 2.381636E02
1.000000E02, 2.381342E02
1.000000E02, 2.380885E02
1.000000E02, 2.380274E02
1.000000E02, 2.379504E02
1.000000E02, 2.378537E02
1.000000E02, 2.377309E02
1.000000E02, 2.375781E02
1.000000E02, 2.373953E02
1.000000E02, 2.371845E02
1.000000E02, 2.369474E02
1.000000E02, 2.366828E02
1.000000E02, 2.363867E02
1.000000E02, 2.360550E02
1.000000E02, 2.356830E02
1.000000E02, 2.352678E02
1.000000E02, 2.348125E02
1.000000E02, 2.343210E02
1.000000E02, 2.337928E02
1.000000E02, 2.332268E02
1.000000E02, 2.326211E02
1.000000E02, 2.319703E02
1.000000E02, 2.312722E02
1.000000E02, 2.305288E02
1.000000E02, 2.297380E02
1.000000E02, 2.288949E02
1.000000E02, 2.279967E02
1.000000E02, 2.270387E02
1.000000E02, 2.260142E02
1.000000E02, 2.249243E02
1.000000E02, 2.237765E02
1.000000E02, 2.225710E02
1.000000E02, 2.213029E02
1.000000E02, 2.199743E02
1.000000E02, 2.185870E02
1.000000E02, 2.171338E02
1.000000E02, 2.156126E02
1.000000E02, 2.140362E02
1.000000E02, 2.124174E02
1.000000E02, 2.107555E02
1.000000E02, 2.090442E02
1.000000E02, 2.072880E02
1.000000E02, 2.055004E02
1.000000E02, 2.036842E02
1.000000E02, 2.018392E02
1.000000E02, 1.999842E02
1.000000E02, 1.981406E02
1.000000E02, 1.963122E02
1.000000E02, 1.945000E02
1.000000E02, 1.927109E02
1.000000E02, 1.909532E02
1.000000E02, 1.892410E02
1.000000E02, 1.875882E02
1.000000E02, 1.860002E02
1.000000E02, 1.844764E02
1.000000E02, 1.830140E02
1.000000E02, 1.816154E02
1.000000E02, 1.802883E02
1.000000E02, 1.790322E02
1.000000E02, 1.778380E02
1.000000E02, 1.767032E02
1.000000E02, 1.756308E02
1.000000E02, 1.746193E02
1.000000E02, 1.736663E02
1.000000E02, 1.727720E02
1.000000E02, 1.719303E02
1.000000E02, 1.711326E02
1.000000E02, 1.703872E02
1.000000E02, 1.697032E02
1.000000E02, 1.690630E02
1.000000E02, 1.684473E02
1.000000E02, 1.678608E02
1.000000E02, 1.673083E02
1.000000E02, 1.667869E02
1.000000E02, 1.663009E02
1.000000E02, 1.658521E02
1.000000E02, 1.654269E02
1.000000E02, 1.650094E02
1.000000E02, 1.646011E02
1.000000E02, 1.642170E02
1.000000E02, 1.638605E02
1.000000E02, 1.635235E02
1.000000E02, 1.632087E02
1.000000E02, 1.629226E02
1.000000E02, 1.626547E02
1.000000E02, 1.623958E02
1.000000E02, 1.621553E02
1.000000E02, 1.619394E02
1.000000E02, 1.617393E02
1.000000E02, 1.615540E02
1.000000E02, 1.613967E02
1.000000E02, 1.612675E02
1.000000E02, 1.611448E02
1.000000E02, 1.610199E02
1.000000E02, 1.609086E02
1.000000E02, 1.608195E02
1.000000E02, 1.607488E02
1.000000E02, 1.606996E02
1.000000E02, 1.606726E02
1.000000E02, 1.606561E02
1.000000E02, 1.606442E02
1.000000E02, 1.606465E02
1.000000E02, 1.606723E02
1.000000E02, 1.607147E02
1.000000E02, 1.607688E02
1.000000E02, 1.608444E02
1.000000E02, 1.609390E02
1.000000E02, 1.610369E02
1.000000E02, 1.611446E02
1.000000E02, 1.612776E02
1.000000E02, 1.614318E02
1.000000E02, 1.616034E02
1.000000E02, 1.617967E02
1.000000E02, 1.620035E02
1.000000E02, 1.622117E02
1.000000E02, 1.624283E02
1.000000E02, 1.626723E02
1.000000E02, 1.629435E02
1.000000E02, 1.632262E02
1.000000E02, 1.635287E02
1.000000E02, 1.638660E02
1.000000E02, 1.642193E02
1.000000E02, 1.645723E02
1.000000E02, 1.649444E02
1.000000E02, 1.653562E02
1.000000E02, 1.658010E02
1.000000E02, 1.662614E02
1.000000E02, 1.667398E02
1.000000E02, 1.672463E02
1.000000E02, 1.677693E02
1.000000E02, 1.683021E02
1.000000E02, 1.688643E02
1.000000E02, 1.694651E02
1.000000E02, 1.700942E02
1.000000E02, 1.707550E02
1.000000E02, 1.714619E02
1.000000E02, 1.722092E02
1.000000E02, 1.729791E02
1.000000E02, 1.737807E02
1.000000E02, 1.746446E02
1.000000E02, 1.755747E02
1.000000E02, 1.765515E02
1.000000E02, 1.775759E02
1.000000E02, 1.786557E02
1.000000E02, 1.797829E02
1.000000E02, 1.809632E02
1.000000E02, 1.822127E02
1.000000E02, 1.835186E02
1.000000E02, 1.848650E02
1.000000E02, 1.862681E02
1.000000E02, 1.877448E02
1.000000E02, 1.892804E02
1.000000E02, 1.908594E02
1.000000E02, 1.924946E02
1.000000E02, 1.941966E02
1.000000E02, 1.959491E02
1.000000E02, 1.977368E02
1.000000E02, 1.995565E02
1.000000E02, 2.013978E02
1.000000E02, 2.032498E02
1.000000E02, 2.051165E02
1.000000E02, 2.070020E02
1.000000E02, 2.088853E02
1.000000E02, 2.107377E02
1.000000E02, 2.125595E02
1.000000E02, 2.143599E02
1.000000E02, 2.161246E02
1.000000E02, 2.178428E02
1.000000E02, 2.195282E02
1.000000E02, 2.211796E02
1.000000E02, 2.227695E02
1.000000E02, 2.242910E02
1.000000E02, 2.257590E02
1.000000E02, 2.271700E02
1.000000E02, 2.285074E02
1.000000E02, 2.297721E02
1.000000E02, 2.309792E02
1.000000E02, 2.321276E02
1.000000E02, 2.331959E02
1.000000E02, 2.341821E02
1.000000E02, 2.351026E02
1.000000E02, 2.359542E02
1.000000E02, 2.367376E02
1.000000E02, 2.374755E02
1.000000E02, 2.381657E02
1.000000E02, 2.387835E02
1.000000E02, 2.393363E02
1.000000E02, 2.398550E02
1.000000E02, 2.403416E02
1.000000E02, 2.407748E02
1.000000E02, 2.411520E02
1.000000E02, 2.414849E02
1.000000E02, 2.417720E02
1.000000E02, 2.420115E02
1.000000E02, 2.422150E02
1.000000E02, 2.423832E02
1.000000E02, 2.425080E02
1.000000E02, 2.426006E02
1.000000E02, 2.426740E02
1.000000E02, 2.427169E02
1.000000E02, 2.427158E02
1.000000E02, 2.426802E02
1.000000E02, 2.426279E02
1.000000E02, 2.425583E02
1.000000E02, 2.424616E02
1.000000E02, 2.423432E02
1.000000E02, 2.422027E02
1.000000E02, 2.420207E02
1.000000E02, 2.417960E02
1.000000E02, 2.415457E02
1.000000E02, 2.412697E02
1.000000E02, 2.409549E02
1.000000E02, 2.406021E02
1.000000E02, 2.402266E02
1.000000E02, 2.398234E02
1.000000E02, 2.393654E02
1.000000E02, 2.388571E02
1.000000E02, 2.383278E02
1.000000E02, 2.377708E02
1.000000E02, 2.371606E02
1.000000E02, 2.365009E02
1.000000E02, 2.358034E02
1.000000E02, 2.350542E02
1.000000E02, 2.342379E02
1.000000E02, 2.333610E02
1.000000E02, 2.324274E02
1.000000E02, 2.314219E02
1.000000E02, 2.303370E02
1.000000E02, 2.291763E02
1.000000E02, 2.279285E02
1.000000E02, 2.265779E02
1.000000E02, 2.251280E02
1.000000E02, 2.235800E02
1.000000E02, 2.219139E02
1.000000E02, 2.201115E02
1.000000E02, 2.181715E02
1.000000E02, 2.160929E02
1.000000E02, 2.138631E02
1.000000E02, 2.114723E02
1.000000E02, 2.089250E02
1.000000E02, 2.062207E02
1.000000E02, 2.033532E02
1.000000E02, 2.003290E02
1.000000E02, 1.971563E02
1.000000E02, 1.938289E02
1.000000E02, 1.903521E02
1.000000E02, 1.867566E02
1.000000E02, 1.830689E02
1.000000E02, 1.792956E02
1.000000E02, 1.754464E02
1.000000E02, 1.715467E02
1.000000E02, 1.676226E02
1.000000E02, 1.636946E02
1.000000E02, 1.597896E02
1.000000E02, 1.559391E02
1.000000E02, 1.521583E02
1.000000E02, 1.484537E02
1.000000E02, 1.448495E02
1.000000E02, 1.413791E02
1.000000E02, 1.380551E02
1.000000E02, 1.348757E02
1.000000E02, 1.318514E02
1.000000E02, 1.289978E02
1.000000E02, 1.263141E02
1.000000E02, 1.237986E02
1.000000E02, 1.214631E02
1.000000E02, 1.193026E02
1.000000E02, 1.172931E02
1.000000E02, 1.154311E02
1.000000E02, 1.137264E02
1.000000E02, 1.121692E02
1.000000E02, 1.107390E02
1.000000E02, 1.094222E02
1.000000E02, 1.082112E02
1.000000E02, 1.071010E02
1.000000E02, 1.060835E02
1.000000E02, 1.051473E02
1.000000E02, 1.042815E02
1.000000E02, 1.034748E02
1.000000E02, 1.027204E02
1.000000E02, 1.020191E02
1.000000E02, 1.013662E02
1.000000E02, 1.007484E02
1.000000E02, 1.001575E02
1.000000E02, 9.959593E01
1.000000E02, 9.906329E01
1.000000E02, 9.855263E01
1.000000E02, 9.806075E01
1.000000E02, 9.758488E01
1.000000E02, 9.711846E01
1.000000E02, 9.666325E01
1.000000E02, 9.622510E01
1.000000E02, 9.579708E01
1.000000E02, 9.536922E01
1.000000E02, 9.494395E01
1.000000E02, 9.452852E01
1.000000E02, 9.412114E01
1.000000E02, 9.371149E01
1.000000E02, 9.329762E01
1.000000E02, 9.288943E01
1.000000E02, 9.248557E01
1.000000E02, 9.207389E01
1.000000E02, 9.165677E01
1.000000E02, 9.124267E01
1.000000E02, 9.082537E01
1.000000E02, 9.039728E01
1.000000E02, 8.996246E01
1.000000E02, 8.952449E01
1.000000E02, 8.907896E01
1.000000E02, 8.862211E01
1.000000E02, 8.815581E01
1.000000E02, 8.768061E01
1.000000E02, 8.719337E01
1.000000E02, 8.669412E01
1.000000E02, 8.618457E01
1.000000E02, 8.566235E01
1.000000E02, 8.512575E01
1.000000E02, 8.457640E01
1.000000E02, 8.401432E01
1.000000E02, 8.343800E01
1.000000E02, 8.284725E01
1.000000E02, 8.224319E01
1.000000E02, 8.162675E01
1.000000E02, 8.099719E01
1.000000E02, 8.035401E01
1.000000E02, 7.969906E01
1.000000E02, 7.903360E01
1.000000E02, 7.835765E01
1.000000E02, 7.767278E01
1.000000E02, 7.698110E01
1.000000E02, 7.628347E01
1.000000E02, 7.558078E01
1.000000E02, 7.487529E01
1.000000E02, 7.417023E01
1.000000E02, 7.346751E01
1.000000E02, 7.276811E01
1.000000E02, 7.207561E01
1.000000E02, 7.139405E01
1.000000E02, 7.072462E01
1.000000E02, 7.006951E01
1.000000E02, 6.943355E01
1.000000E02, 6.882006E01
1.000000E02, 6.823082E01
1.000000E02, 6.766956E01
1.000000E02, 6.714094E01
1.000000E02, 6.664732E01
1.000000E02, 6.619016E01
1.000000E02, 6.577383E01
1.000000E02, 6.540304E01
1.000000E02, 6.507892E01
1.000000E02, 6.480317E01
1.000000E02, 6.458032E01
1.000000E02, 6.441235E01
1.000000E02, 6.429908E01
1.000000E02, 6.424274E01
1.000000E02, 6.424630E01
1.000000E02, 6.431060E01
1.000000E02, 6.443489E01
1.000000E02, 6.461857E01
1.000000E02, 6.486259E01
1.000000E02, 6.516734E01
1.000000E02, 6.553065E01
1.000000E02, 6.595072E01
1.000000E02, 6.642666E01
1.000000E02, 6.695581E01
1.000000E02, 6.753550E01
1.000000E02, 6.816398E01
1.000000E02, 6.883755E01
1.000000E02, 6.955213E01
1.000000E02, 7.030527E01
1.000000E02, 7.109311E01
1.000000E02, 7.191079E01
1.000000E02, 7.275518E01
1.000000E02, 7.362283E01
1.000000E02, 7.450898E01
1.000000E02, 7.540947E01
1.000000E02, 7.631997E01
1.000000E02, 7.723686E01
1.000000E02, 7.815811E01
1.000000E02, 7.907946E01
1.000000E02, 7.999579E01
1.000000E02, 8.090523E01
1.000000E02, 8.180549E01
1.000000E02, 8.269270E01
1.000000E02, 8.356584E01
1.000000E02, 8.442382E01
1.000000E02, 8.526258E01
1.000000E02, 8.607984E01
1.000000E02, 8.687653E01
1.000000E02, 8.765313E01
1.000000E02, 8.840830E01
1.000000E02, 8.913985E01
1.000000E02, 8.984690E01
1.000000E02, 9.053129E01
1.000000E02, 9.119509E01
1.000000E02, 9.183819E01
1.000000E02, 9.245985E01
1.000000E02, 9.306023E01
1.000000E02, 9.364120E01
1.000000E02, 9.420629E01
1.000000E02, 9.475568E01
1.000000E02, 9.528806E01
1.000000E02, 9.581031E01
1.000000E02, 9.632579E01
1.000000E02, 9.682388E01
1.000000E02, 9.730934E01
1.000000E02, 9.780358E01
1.000000E02, 9.829943E01
1.000000E02, 9.877725E01
1.000000E02, 9.925201E01
1.000000E02, 9.974463E01
1.000000E02, 1.002483E02
1.000000E02, 1.007498E02
1.000000E02, 1.012507E02
1.000000E02, 1.017726E02
1.000000E02, 1.023284E02
1.000000E02, 1.028959E02
1.000000E02, 1.034700E02
1.000000E02, 1.040818E02
1.000000E02, 1.047354E02
1.000000E02, 1.054233E02
1.000000E02, 1.061578E02
1.000000E02, 1.069358E02
1.000000E02, 1.077606E02
1.000000E02, 1.086632E02
1.000000E02, 1.096491E02
1.000000E02, 1.107108E02
1.000000E02, 1.118567E02
1.000000E02, 1.130937E02
1.000000E02, 1.144466E02
1.000000E02, 1.159428E02
1.000000E02, 1.175736E02
1.000000E02, 1.193329E02
1.000000E02, 1.212327E02
1.000000E02, 1.232904E02
1.000000E02, 1.255349E02
1.000000E02, 1.279699E02
1.000000E02, 1.305718E02
1.000000E02, 1.333305E02
1.000000E02, 1.362463E02
1.000000E02, 1.393383E02
1.000000E02, 1.426226E02
1.000000E02, 1.460608E02
1.000000E02, 1.496094E02
1.000000E02, 1.532531E02
1.000000E02, 1.569804E02
1.000000E02, 1.607992E02
1.000000E02, 1.647021E02
1.000000E02, 1.686269E02
1.000000E02, 1.725222E02
1.000000E02, 1.763773E02
1.000000E02, 1.801893E02
1.000000E02, 1.839439E02
1.000000E02, 1.876113E02
1.000000E02, 1.911702E02
1.000000E02, 1.946014E02
1.000000E02, 1.978637E02
1.000000E02, 2.009470E02
1.000000E02, 2.038873E02
1.000000E02, 2.066898E02
1.000000E02, 2.093188E02
1.000000E02, 2.117490E02
1.000000E02, 2.139903E02
1.000000E02, 2.160807E02
1.000000E02, 2.180332E02
1.000000E02, 2.198298E02
1.000000E02, 2.214779E02
1.000000E02, 2.229846E02
1.000000E02, 2.243526E02
1.000000E02, 2.256269E02
1.000000E02, 2.268244E02
1.000000E02, 2.279165E02
1.000000E02, 2.289027E02
1.000000E02, 2.297894E02
1.000000E02, 2.305974E02
1.000000E02, 2.313768E02
1.000000E02, 2.321276E02
1.000000E02, 2.328108E02
1.000000E02, 2.334178E02
1.000000E02, 2.339600E02
1.000000E02, 2.344631E02
1.000000E02, 2.349569E02
1.000000E02, 2.354315E02
1.000000E02, 2.358622E02
1.000000E02, 2.362486E02
1.000000E02, 2.365849E02
1.000000E02, 2.368788E02
1.000000E02, 2.371778E02
1.000000E02, 2.374909E02
1.000000E02, 2.377699E02
1.000000E02, 2.379792E02
1.000000E02, 2.381424E02
1.000000E02, 2.383213E02
1.000000E02, 2.385032E02
1.000000E02, 2.386324E02
1.000000E02, 2.387319E02
1.000000E02, 2.388151E02
1.000000E02, 2.388636E02
1.000000E02, 2.388973E02
1.000000E02, 2.389118E02
1.000000E02, 2.388963E02
1.000000E02, 2.388569E02
1.000000E02, 2.387836E02
1.000000E02, 2.387035E02
1.000000E02, 2.386227E02
1.000000E02, 2.384918E02
1.000000E02, 2.383218E02
1.000000E02, 2.381398E02
1.000000E02, 2.379286E02
1.000000E02, 2.376856E02
1.000000E02, 2.373993E02
1.000000E02, 2.370629E02
1.000000E02, 2.367147E02
1.000000E02, 2.363536E02
1.000000E02, 2.359314E02
1.000000E02, 2.354428E02
1.000000E02, 2.349021E02
1.000000E02, 2.343240E02
1.000000E02, 2.337421E02
1.000000E02, 2.331310E02
1.000000E02, 2.324395E02
1.000000E02, 2.316882E02
1.000000E02, 2.308991E02
1.000000E02, 2.300831E02
1.000000E02, 2.292377E02
1.000000E02, 2.283056E02
1.000000E02, 2.272833E02
1.000000E02, 2.262053E02
1.000000E02, 2.250795E02
1.000000E02, 2.239150E02
1.000000E02, 2.226662E02
1.000000E02, 2.213209E02
1.000000E02, 2.199470E02
1.000000E02, 2.185355E02
1.000000E02, 2.170499E02
1.000000E02, 2.154986E02
1.000000E02, 2.138970E02
1.000000E02, 2.122667E02
1.000000E02, 2.105885E02
1.000000E02, 2.088593E02
1.000000E02, 2.071256E02
1.000000E02, 2.053672E02
1.000000E02, 2.035435E02
1.000000E02, 2.016883E02
1.000000E02, 1.998413E02
1.000000E02, 1.979971E02
1.000000E02, 1.961622E02
1.000000E02, 1.943620E02
1.000000E02, 1.925800E02
1.000000E02, 1.908042E02
1.000000E02, 1.890530E02
1.000000E02, 1.873352E02
1.000000E02, 1.856788E02
1.000000E02, 1.840832E02
1.000000E02, 1.825183E02
1.000000E02, 1.809656E02
1.000000E02, 1.794443E02
1.000000E02, 1.779018E02
##END