##TITLE= SL-sin-1H-1ms-RF6kHz-BW7kHz-05G
##JCAMP-DX= 5.00 Bruker JCAMP library
##DATA TYPE= Shape Data
##ORIGIN= SPINACH
##OWNER= Mengjia He, mengjia.he@kit.edu
##DATE= 2024/11/29
##TIME= 09:35:33
##$SHAPE_PARAMETERS= Type: 
##MINX= 1.000000E02
##MAXX= 1.000000E02
##MINY= 1.159923E01
##MAXY= 3.092326E02
##$SHAPE_EXMODE= 0
##$SHAPE_TOTROT= 0.000000E00
##$SHAPE_Duration= 1.000000E00 ms
##$SHAPE_B1Amplitude= 6.000000E03
##$SHAPE_B1inhomogeneity= 2.000000E-01
##$SHAPE_bandwidth= 7.000000E03 Hz
##$SHAPE_FIDELITY= 9.966617E-01
##$SHAPE_TYPE= spin locking
##$SHAPE_USER_DEF= 
##$SHAPE_REPHFAC= 
##$SHAPE_BWFAC= 7.000000E00
##$SHAPE_BWFAC50= 
##$SHAPE_INTEGFAC= 0.000000E00
##$SHAPE_MODE= 0
##NPOINTS= 1000
##XYPOINTS= (XY..XY)
1.000000E02, 1.549874E02
1.000000E02, 1.552320E02
1.000000E02, 1.555381E02
1.000000E02, 1.558029E02
1.000000E02, 1.560883E02
1.000000E02, 1.563469E02
1.000000E02, 1.566134E02
1.000000E02, 1.569049E02
1.000000E02, 1.571642E02
1.000000E02, 1.574085E02
1.000000E02, 1.576234E02
1.000000E02, 1.578701E02
1.000000E02, 1.580934E02
1.000000E02, 1.583312E02
1.000000E02, 1.585332E02
1.000000E02, 1.587203E02
1.000000E02, 1.588908E02
1.000000E02, 1.590936E02
1.000000E02, 1.592886E02
1.000000E02, 1.594609E02
1.000000E02, 1.596148E02
1.000000E02, 1.597460E02
1.000000E02, 1.598932E02
1.000000E02, 1.600705E02
1.000000E02, 1.602223E02
1.000000E02, 1.603273E02
1.000000E02, 1.604406E02
1.000000E02, 1.605498E02
1.000000E02, 1.607118E02
1.000000E02, 1.608277E02
1.000000E02, 1.609352E02
1.000000E02, 1.610132E02
1.000000E02, 1.611288E02
1.000000E02, 1.612324E02
1.000000E02, 1.613380E02
1.000000E02, 1.614266E02
1.000000E02, 1.614897E02
1.000000E02, 1.615987E02
1.000000E02, 1.616709E02
1.000000E02, 1.617160E02
1.000000E02, 1.617557E02
1.000000E02, 1.618107E02
1.000000E02, 1.618482E02
1.000000E02, 1.618670E02
1.000000E02, 1.618506E02
1.000000E02, 1.618277E02
1.000000E02, 1.618006E02
1.000000E02, 1.617673E02
1.000000E02, 1.617110E02
1.000000E02, 1.616652E02
1.000000E02, 1.615432E02
1.000000E02, 1.614344E02
1.000000E02, 1.613532E02
1.000000E02, 1.612626E02
1.000000E02, 1.611577E02
1.000000E02, 1.610055E02
1.000000E02, 1.608733E02
1.000000E02, 1.607393E02
1.000000E02, 1.606234E02
1.000000E02, 1.604853E02
1.000000E02, 1.603328E02
1.000000E02, 1.601555E02
1.000000E02, 1.599936E02
1.000000E02, 1.598327E02
1.000000E02, 1.596311E02
1.000000E02, 1.594372E02
1.000000E02, 1.592687E02
1.000000E02, 1.590863E02
1.000000E02, 1.588875E02
1.000000E02, 1.586720E02
1.000000E02, 1.585006E02
1.000000E02, 1.583920E02
1.000000E02, 1.582848E02
1.000000E02, 1.581614E02
1.000000E02, 1.580751E02
1.000000E02, 1.580628E02
1.000000E02, 1.581182E02
1.000000E02, 1.582202E02
1.000000E02, 1.583461E02
1.000000E02, 1.585328E02
1.000000E02, 1.587856E02
1.000000E02, 1.591344E02
1.000000E02, 1.595701E02
1.000000E02, 1.600855E02
1.000000E02, 1.606478E02
1.000000E02, 1.613129E02
1.000000E02, 1.621006E02
1.000000E02, 1.629999E02
1.000000E02, 1.640238E02
1.000000E02, 1.651415E02
1.000000E02, 1.663762E02
1.000000E02, 1.677305E02
1.000000E02, 1.692489E02
1.000000E02, 1.708939E02
1.000000E02, 1.726547E02
1.000000E02, 1.745593E02
1.000000E02, 1.765943E02
1.000000E02, 1.787659E02
1.000000E02, 1.810653E02
1.000000E02, 1.835045E02
1.000000E02, 1.860776E02
1.000000E02, 1.888011E02
1.000000E02, 1.916748E02
1.000000E02, 1.946465E02
1.000000E02, 1.977716E02
1.000000E02, 2.010750E02
1.000000E02, 2.045137E02
1.000000E02, 2.080499E02
1.000000E02, 2.116728E02
1.000000E02, 2.154068E02
1.000000E02, 2.192178E02
1.000000E02, 2.230732E02
1.000000E02, 2.269251E02
1.000000E02, 2.307513E02
1.000000E02, 2.345154E02
1.000000E02, 2.382069E02
1.000000E02, 2.417973E02
1.000000E02, 2.452117E02
1.000000E02, 2.484709E02
1.000000E02, 2.515475E02
1.000000E02, 2.544050E02
1.000000E02, 2.570504E02
1.000000E02, 2.594897E02
1.000000E02, 2.617172E02
1.000000E02, 2.637415E02
1.000000E02, 2.655850E02
1.000000E02, 2.672500E02
1.000000E02, 2.687593E02
1.000000E02, 2.701322E02
1.000000E02, 2.713813E02
1.000000E02, 2.725347E02
1.000000E02, 2.736231E02
1.000000E02, 2.746700E02
1.000000E02, 2.756830E02
1.000000E02, 2.767017E02
1.000000E02, 2.777976E02
1.000000E02, 2.789701E02
1.000000E02, 2.802116E02
1.000000E02, 2.815673E02
1.000000E02, 2.830659E02
1.000000E02, 2.847174E02
1.000000E02, 2.865079E02
1.000000E02, 2.884005E02
1.000000E02, 2.903832E02
1.000000E02, 2.924909E02
1.000000E02, 2.946839E02
1.000000E02, 2.968945E02
1.000000E02, 2.991095E02
1.000000E02, 3.012789E02
1.000000E02, 3.033552E02
1.000000E02, 3.052717E02
1.000000E02, 3.069325E02
1.000000E02, 3.082308E02
1.000000E02, 3.090366E02
1.000000E02, 3.092326E02
1.000000E02, 3.086956E02
1.000000E02, 3.073071E02
1.000000E02, 3.049709E02
1.000000E02, 3.016328E02
1.000000E02, 2.972714E02
1.000000E02, 2.919147E02
1.000000E02, 2.856566E02
1.000000E02, 2.785788E02
1.000000E02, 2.707950E02
1.000000E02, 2.624444E02
1.000000E02, 2.536514E02
1.000000E02, 2.445651E02
1.000000E02, 2.352880E02
1.000000E02, 2.259354E02
1.000000E02, 2.166540E02
1.000000E02, 2.075501E02
1.000000E02, 1.987203E02
1.000000E02, 1.902939E02
1.000000E02, 1.824549E02
1.000000E02, 1.753911E02
1.000000E02, 1.692638E02
1.000000E02, 1.642215E02
1.000000E02, 1.604476E02
1.000000E02, 1.580812E02
1.000000E02, 1.571251E02
1.000000E02, 1.575154E02
1.000000E02, 1.590842E02
1.000000E02, 1.615688E02
1.000000E02, 1.646852E02
1.000000E02, 1.680911E02
1.000000E02, 1.714468E02
1.000000E02, 1.744483E02
1.000000E02, 1.767959E02
1.000000E02, 1.782274E02
1.000000E02, 1.785944E02
1.000000E02, 1.778115E02
1.000000E02, 1.758180E02
1.000000E02, 1.726591E02
1.000000E02, 1.684121E02
1.000000E02, 1.631680E02
1.000000E02, 1.570913E02
1.000000E02, 1.503511E02
1.000000E02, 1.430898E02
1.000000E02, 1.354547E02
1.000000E02, 1.276198E02
1.000000E02, 1.197677E02
1.000000E02, 1.120553E02
1.000000E02, 1.046612E02
1.000000E02, 9.778100E01
1.000000E02, 9.157802E01
1.000000E02, 8.618245E01
1.000000E02, 8.173906E01
1.000000E02, 7.834103E01
1.000000E02, 7.601914E01
1.000000E02, 7.477731E01
1.000000E02, 7.455766E01
1.000000E02, 7.527055E01
1.000000E02, 7.680301E01
1.000000E02, 7.899698E01
1.000000E02, 8.171802E01
1.000000E02, 8.485548E01
1.000000E02, 8.827728E01
1.000000E02, 9.184502E01
1.000000E02, 9.543574E01
1.000000E02, 9.898099E01
1.000000E02, 1.024300E02
1.000000E02, 1.056885E02
1.000000E02, 1.086723E02
1.000000E02, 1.113506E02
1.000000E02, 1.136778E02
1.000000E02, 1.156327E02
1.000000E02, 1.172059E02
1.000000E02, 1.183412E02
1.000000E02, 1.190133E02
1.000000E02, 1.192360E02
1.000000E02, 1.189769E02
1.000000E02, 1.182028E02
1.000000E02, 1.169063E02
1.000000E02, 1.150798E02
1.000000E02, 1.127523E02
1.000000E02, 1.099471E02
1.000000E02, 1.066798E02
1.000000E02, 1.030144E02
1.000000E02, 9.905820E01
1.000000E02, 9.491212E01
1.000000E02, 9.065847E01
1.000000E02, 8.639717E01
1.000000E02, 8.227218E01
1.000000E02, 7.841447E01
1.000000E02, 7.493849E01
1.000000E02, 7.198064E01
1.000000E02, 6.963101E01
1.000000E02, 6.794530E01
1.000000E02, 6.703304E01
1.000000E02, 6.697670E01
1.000000E02, 6.777562E01
1.000000E02, 6.937900E01
1.000000E02, 7.172517E01
1.000000E02, 7.476659E01
1.000000E02, 7.839543E01
1.000000E02, 8.244750E01
1.000000E02, 8.676564E01
1.000000E02, 9.117201E01
1.000000E02, 9.548327E01
1.000000E02, 9.954775E01
1.000000E02, 1.031546E02
1.000000E02, 1.060772E02
1.000000E02, 1.081648E02
1.000000E02, 1.092805E02
1.000000E02, 1.093208E02
1.000000E02, 1.082188E02
1.000000E02, 1.059310E02
1.000000E02, 1.025370E02
1.000000E02, 9.817909E01
1.000000E02, 9.295952E01
1.000000E02, 8.701574E01
1.000000E02, 8.052925E01
1.000000E02, 7.369623E01
1.000000E02, 6.672644E01
1.000000E02, 5.976816E01
1.000000E02, 5.297159E01
1.000000E02, 4.655261E01
1.000000E02, 4.067725E01
1.000000E02, 3.549722E01
1.000000E02, 3.117010E01
1.000000E02, 2.778052E01
1.000000E02, 2.540807E01
1.000000E02, 2.410496E01
1.000000E02, 2.381474E01
1.000000E02, 2.446042E01
1.000000E02, 2.593884E01
1.000000E02, 2.808307E01
1.000000E02, 3.076619E01
1.000000E02, 3.384800E01
1.000000E02, 3.715421E01
1.000000E02, 4.057185E01
1.000000E02, 4.400105E01
1.000000E02, 4.734497E01
1.000000E02, 5.054863E01
1.000000E02, 5.354639E01
1.000000E02, 5.627752E01
1.000000E02, 5.872993E01
1.000000E02, 6.089147E01
1.000000E02, 6.277665E01
1.000000E02, 6.438699E01
1.000000E02, 6.569321E01
1.000000E02, 6.675729E01
1.000000E02, 6.766467E01
1.000000E02, 6.841646E01
1.000000E02, 6.902135E01
1.000000E02, 6.953524E01
1.000000E02, 7.001041E01
1.000000E02, 7.048833E01
1.000000E02, 7.097291E01
1.000000E02, 7.146714E01
1.000000E02, 7.202265E01
1.000000E02, 7.266508E01
1.000000E02, 7.339258E01
1.000000E02, 7.422127E01
1.000000E02, 7.515328E01
1.000000E02, 7.620025E01
1.000000E02, 7.736909E01
1.000000E02, 7.863798E01
1.000000E02, 7.999868E01
1.000000E02, 8.145364E01
1.000000E02, 8.297232E01
1.000000E02, 8.452758E01
1.000000E02, 8.611086E01
1.000000E02, 8.770470E01
1.000000E02, 8.929608E01
1.000000E02, 9.084484E01
1.000000E02, 9.232012E01
1.000000E02, 9.373921E01
1.000000E02, 9.509789E01
1.000000E02, 9.635825E01
1.000000E02, 9.750573E01
1.000000E02, 9.854135E01
1.000000E02, 9.947541E01
1.000000E02, 1.003287E02
1.000000E02, 1.010806E02
1.000000E02, 1.017075E02
1.000000E02, 1.022488E02
1.000000E02, 1.027367E02
1.000000E02, 1.031590E02
1.000000E02, 1.035167E02
1.000000E02, 1.038326E02
1.000000E02, 1.041137E02
1.000000E02, 1.043699E02
1.000000E02, 1.046282E02
1.000000E02, 1.048909E02
1.000000E02, 1.051400E02
1.000000E02, 1.053885E02
1.000000E02, 1.056762E02
1.000000E02, 1.060094E02
1.000000E02, 1.063661E02
1.000000E02, 1.067317E02
1.000000E02, 1.071213E02
1.000000E02, 1.075764E02
1.000000E02, 1.081044E02
1.000000E02, 1.086545E02
1.000000E02, 1.092004E02
1.000000E02, 1.097888E02
1.000000E02, 1.104564E02
1.000000E02, 1.111752E02
1.000000E02, 1.118967E02
1.000000E02, 1.126132E02
1.000000E02, 1.133621E02
1.000000E02, 1.141706E02
1.000000E02, 1.150096E02
1.000000E02, 1.158201E02
1.000000E02, 1.166003E02
1.000000E02, 1.174086E02
1.000000E02, 1.182576E02
1.000000E02, 1.190938E02
1.000000E02, 1.198875E02
1.000000E02, 1.206630E02
1.000000E02, 1.214456E02
1.000000E02, 1.222342E02
1.000000E02, 1.230009E02
1.000000E02, 1.237202E02
1.000000E02, 1.244151E02
1.000000E02, 1.251267E02
1.000000E02, 1.258739E02
1.000000E02, 1.266576E02
1.000000E02, 1.274921E02
1.000000E02, 1.284305E02
1.000000E02, 1.295579E02
1.000000E02, 1.309465E02
1.000000E02, 1.326321E02
1.000000E02, 1.346516E02
1.000000E02, 1.370844E02
1.000000E02, 1.400306E02
1.000000E02, 1.435313E02
1.000000E02, 1.475733E02
1.000000E02, 1.521723E02
1.000000E02, 1.573600E02
1.000000E02, 1.631285E02
1.000000E02, 1.694418E02
1.000000E02, 1.762434E02
1.000000E02, 1.834568E02
1.000000E02, 1.910213E02
1.000000E02, 1.988814E02
1.000000E02, 2.069398E02
1.000000E02, 2.150745E02
1.000000E02, 2.231816E02
1.000000E02, 2.311871E02
1.000000E02, 2.390098E02
1.000000E02, 2.465241E02
1.000000E02, 2.536189E02
1.000000E02, 2.602417E02
1.000000E02, 2.663369E02
1.000000E02, 2.718365E02
1.000000E02, 2.767044E02
1.000000E02, 2.809143E02
1.000000E02, 2.844571E02
1.000000E02, 2.873664E02
1.000000E02, 2.896750E02
1.000000E02, 2.914213E02
1.000000E02, 2.926707E02
1.000000E02, 2.934783E02
1.000000E02, 2.939144E02
1.000000E02, 2.940675E02
1.000000E02, 2.939847E02
1.000000E02, 2.937108E02
1.000000E02, 2.933138E02
1.000000E02, 2.928250E02
1.000000E02, 2.922645E02
1.000000E02, 2.916680E02
1.000000E02, 2.910421E02
1.000000E02, 2.903832E02
1.000000E02, 2.896998E02
1.000000E02, 2.889891E02
1.000000E02, 2.882429E02
1.000000E02, 2.874444E02
1.000000E02, 2.865811E02
1.000000E02, 2.856624E02
1.000000E02, 2.846844E02
1.000000E02, 2.836259E02
1.000000E02, 2.824655E02
1.000000E02, 2.811908E02
1.000000E02, 2.798337E02
1.000000E02, 2.784086E02
1.000000E02, 2.768574E02
1.000000E02, 2.751727E02
1.000000E02, 2.734046E02
1.000000E02, 2.715422E02
1.000000E02, 2.695758E02
1.000000E02, 2.675231E02
1.000000E02, 2.653612E02
1.000000E02, 2.631002E02
1.000000E02, 2.607882E02
1.000000E02, 2.584136E02
1.000000E02, 2.559494E02
1.000000E02, 2.534114E02
1.000000E02, 2.508309E02
1.000000E02, 2.482250E02
1.000000E02, 2.455695E02
1.000000E02, 2.428528E02
1.000000E02, 2.401233E02
1.000000E02, 2.374007E02
1.000000E02, 2.346674E02
1.000000E02, 2.319307E02
1.000000E02, 2.291879E02
1.000000E02, 2.264464E02
1.000000E02, 2.237488E02
1.000000E02, 2.210988E02
1.000000E02, 2.184725E02
1.000000E02, 2.158633E02
1.000000E02, 2.132757E02
1.000000E02, 2.107601E02
1.000000E02, 2.083426E02
1.000000E02, 2.059495E02
1.000000E02, 2.035688E02
1.000000E02, 2.012805E02
1.000000E02, 1.990771E02
1.000000E02, 1.969229E02
1.000000E02, 1.948436E02
1.000000E02, 1.928218E02
1.000000E02, 1.908436E02
1.000000E02, 1.889608E02
1.000000E02, 1.871624E02
1.000000E02, 1.853968E02
1.000000E02, 1.836845E02
1.000000E02, 1.820551E02
1.000000E02, 1.805014E02
1.000000E02, 1.790034E02
1.000000E02, 1.775377E02
1.000000E02, 1.761233E02
1.000000E02, 1.747977E02
1.000000E02, 1.735460E02
1.000000E02, 1.723362E02
1.000000E02, 1.711609E02
1.000000E02, 1.700360E02
1.000000E02, 1.689907E02
1.000000E02, 1.680163E02
1.000000E02, 1.670807E02
1.000000E02, 1.661887E02
1.000000E02, 1.653442E02
1.000000E02, 1.645552E02
1.000000E02, 1.638508E02
1.000000E02, 1.632008E02
1.000000E02, 1.625666E02
1.000000E02, 1.619912E02
1.000000E02, 1.614964E02
1.000000E02, 1.610501E02
1.000000E02, 1.606474E02
1.000000E02, 1.602899E02
1.000000E02, 1.599759E02
1.000000E02, 1.597181E02
1.000000E02, 1.595052E02
1.000000E02, 1.593177E02
1.000000E02, 1.591656E02
1.000000E02, 1.590566E02
1.000000E02, 1.589836E02
1.000000E02, 1.589417E02
1.000000E02, 1.589274E02
1.000000E02, 1.589338E02
1.000000E02, 1.589638E02
1.000000E02, 1.590427E02
1.000000E02, 1.591759E02
1.000000E02, 1.593303E02
1.000000E02, 1.595096E02
1.000000E02, 1.597557E02
1.000000E02, 1.600706E02
1.000000E02, 1.604586E02
1.000000E02, 1.609436E02
1.000000E02, 1.614926E02
1.000000E02, 1.621036E02
1.000000E02, 1.628548E02
1.000000E02, 1.637441E02
1.000000E02, 1.647066E02
1.000000E02, 1.657554E02
1.000000E02, 1.669098E02
1.000000E02, 1.681473E02
1.000000E02, 1.694736E02
1.000000E02, 1.708735E02
1.000000E02, 1.722854E02
1.000000E02, 1.736937E02
1.000000E02, 1.751140E02
1.000000E02, 1.765154E02
1.000000E02, 1.778385E02
1.000000E02, 1.790564E02
1.000000E02, 1.801740E02
1.000000E02, 1.811685E02
1.000000E02, 1.819940E02
1.000000E02, 1.826455E02
1.000000E02, 1.831240E02
1.000000E02, 1.834024E02
1.000000E02, 1.834847E02
1.000000E02, 1.833862E02
1.000000E02, 1.830983E02
1.000000E02, 1.826267E02
1.000000E02, 1.819815E02
1.000000E02, 1.811822E02
1.000000E02, 1.802643E02
1.000000E02, 1.792210E02
1.000000E02, 1.780549E02
1.000000E02, 1.768180E02
1.000000E02, 1.755188E02
1.000000E02, 1.741473E02
1.000000E02, 1.727464E02
1.000000E02, 1.713423E02
1.000000E02, 1.699203E02
1.000000E02, 1.684743E02
1.000000E02, 1.670294E02
1.000000E02, 1.656228E02
1.000000E02, 1.642476E02
1.000000E02, 1.628783E02
1.000000E02, 1.615364E02
1.000000E02, 1.602338E02
1.000000E02, 1.589608E02
1.000000E02, 1.577346E02
1.000000E02, 1.565538E02
1.000000E02, 1.554068E02
1.000000E02, 1.542977E02
1.000000E02, 1.532180E02
1.000000E02, 1.521971E02
1.000000E02, 1.512668E02
1.000000E02, 1.503688E02
1.000000E02, 1.494919E02
1.000000E02, 1.487155E02
1.000000E02, 1.480254E02
1.000000E02, 1.473734E02
1.000000E02, 1.468018E02
1.000000E02, 1.463328E02
1.000000E02, 1.459464E02
1.000000E02, 1.456688E02
1.000000E02, 1.455357E02
1.000000E02, 1.455402E02
1.000000E02, 1.456865E02
1.000000E02, 1.460251E02
1.000000E02, 1.465999E02
1.000000E02, 1.473948E02
1.000000E02, 1.483990E02
1.000000E02, 1.496910E02
1.000000E02, 1.513249E02
1.000000E02, 1.532481E02
1.000000E02, 1.554555E02
1.000000E02, 1.580183E02
1.000000E02, 1.609266E02
1.000000E02, 1.641274E02
1.000000E02, 1.676203E02
1.000000E02, 1.713948E02
1.000000E02, 1.754087E02
1.000000E02, 1.796167E02
1.000000E02, 1.839600E02
1.000000E02, 1.883908E02
1.000000E02, 1.928736E02
1.000000E02, 1.973586E02
1.000000E02, 2.018083E02
1.000000E02, 2.061601E02
1.000000E02, 2.103332E02
1.000000E02, 2.143350E02
1.000000E02, 2.181857E02
1.000000E02, 2.218022E02
1.000000E02, 2.251410E02
1.000000E02, 2.282583E02
1.000000E02, 2.311445E02
1.000000E02, 2.337612E02
1.000000E02, 2.361642E02
1.000000E02, 2.384125E02
1.000000E02, 2.404744E02
1.000000E02, 2.423237E02
1.000000E02, 2.440485E02
1.000000E02, 2.457061E02
1.000000E02, 2.472424E02
1.000000E02, 2.486771E02
1.000000E02, 2.500644E02
1.000000E02, 2.513575E02
1.000000E02, 2.525644E02
1.000000E02, 2.537611E02
1.000000E02, 2.549053E02
1.000000E02, 2.559423E02
1.000000E02, 2.569403E02
1.000000E02, 2.579176E02
1.000000E02, 2.588082E02
1.000000E02, 2.596166E02
1.000000E02, 2.603847E02
1.000000E02, 2.611034E02
1.000000E02, 2.617730E02
1.000000E02, 2.623987E02
1.000000E02, 2.629385E02
1.000000E02, 2.634217E02
1.000000E02, 2.639231E02
1.000000E02, 2.643910E02
1.000000E02, 2.647682E02
1.000000E02, 2.651232E02
1.000000E02, 2.654786E02
1.000000E02, 2.657852E02
1.000000E02, 2.660744E02
1.000000E02, 2.663620E02
1.000000E02, 2.665871E02
1.000000E02, 2.667630E02
1.000000E02, 2.669283E02
1.000000E02, 2.670594E02
1.000000E02, 2.671468E02
1.000000E02, 2.671931E02
1.000000E02, 2.672016E02
1.000000E02, 2.671830E02
1.000000E02, 2.671479E02
1.000000E02, 2.671201E02
1.000000E02, 2.671285E02
1.000000E02, 2.671733E02
1.000000E02, 2.672073E02
1.000000E02, 2.672289E02
1.000000E02, 2.672771E02
1.000000E02, 2.672942E02
1.000000E02, 2.671304E02
1.000000E02, 2.667711E02
1.000000E02, 2.662663E02
1.000000E02, 2.654534E02
1.000000E02, 2.641721E02
1.000000E02, 2.624568E02
1.000000E02, 2.602597E02
1.000000E02, 2.574123E02
1.000000E02, 2.538837E02
1.000000E02, 2.496497E02
1.000000E02, 2.445938E02
1.000000E02, 2.387298E02
1.000000E02, 2.321357E02
1.000000E02, 2.248029E02
1.000000E02, 2.167736E02
1.000000E02, 2.081583E02
1.000000E02, 1.991111E02
1.000000E02, 1.897973E02
1.000000E02, 1.803647E02
1.000000E02, 1.709789E02
1.000000E02, 1.617837E02
1.000000E02, 1.528773E02
1.000000E02, 1.444349E02
1.000000E02, 1.366678E02
1.000000E02, 1.296247E02
1.000000E02, 1.232895E02
1.000000E02, 1.177029E02
1.000000E02, 1.129575E02
1.000000E02, 1.090996E02
1.000000E02, 1.059960E02
1.000000E02, 1.035009E02
1.000000E02, 1.016489E02
1.000000E02, 1.003947E02
1.000000E02, 9.962723E01
1.000000E02, 9.927366E01
1.000000E02, 9.916930E01
1.000000E02, 9.920775E01
1.000000E02, 9.947409E01
1.000000E02, 9.985027E01
1.000000E02, 1.001535E02
1.000000E02, 1.003859E02
1.000000E02, 1.005746E02
1.000000E02, 1.007311E02
1.000000E02, 1.008400E02
1.000000E02, 1.008371E02
1.000000E02, 1.007859E02
1.000000E02, 1.007400E02
1.000000E02, 1.006673E02
1.000000E02, 1.006483E02
1.000000E02, 1.006732E02
1.000000E02, 1.006680E02
1.000000E02, 1.006476E02
1.000000E02, 1.006263E02
1.000000E02, 1.005918E02
1.000000E02, 1.005538E02
1.000000E02, 1.003999E02
1.000000E02, 1.001432E02
1.000000E02, 9.989792E01
1.000000E02, 9.962753E01
1.000000E02, 9.930265E01
1.000000E02, 9.894982E01
1.000000E02, 9.854353E01
1.000000E02, 9.817232E01
1.000000E02, 9.785389E01
1.000000E02, 9.746010E01
1.000000E02, 9.702933E01
1.000000E02, 9.658303E01
1.000000E02, 9.610602E01
1.000000E02, 9.562816E01
1.000000E02, 9.507731E01
1.000000E02, 9.438658E01
1.000000E02, 9.372756E01
1.000000E02, 9.311061E01
1.000000E02, 9.246344E01
1.000000E02, 9.181140E01
1.000000E02, 9.116588E01
1.000000E02, 9.060589E01
1.000000E02, 9.019474E01
1.000000E02, 8.988109E01
1.000000E02, 8.971860E01
1.000000E02, 8.976219E01
1.000000E02, 8.999843E01
1.000000E02, 9.051166E01
1.000000E02, 9.133189E01
1.000000E02, 9.237531E01
1.000000E02, 9.365850E01
1.000000E02, 9.524870E01
1.000000E02, 9.707220E01
1.000000E02, 9.904229E01
1.000000E02, 1.010787E02
1.000000E02, 1.031618E02
1.000000E02, 1.051976E02
1.000000E02, 1.070395E02
1.000000E02, 1.085736E02
1.000000E02, 1.096549E02
1.000000E02, 1.101179E02
1.000000E02, 1.098917E02
1.000000E02, 1.089363E02
1.000000E02, 1.070963E02
1.000000E02, 1.042840E02
1.000000E02, 1.005960E02
1.000000E02, 9.615237E01
1.000000E02, 9.098717E01
1.000000E02, 8.519974E01
1.000000E02, 7.889318E01
1.000000E02, 7.216787E01
1.000000E02, 6.523047E01
1.000000E02, 5.828312E01
1.000000E02, 5.135216E01
1.000000E02, 4.456796E01
1.000000E02, 3.810961E01
1.000000E02, 3.207374E01
1.000000E02, 2.662775E01
1.000000E02, 2.192413E01
1.000000E02, 1.795992E01
1.000000E02, 1.485416E01
1.000000E02, 1.277560E01
1.000000E02, 1.170959E01
1.000000E02, 1.159923E01
1.000000E02, 1.242788E01
1.000000E02, 1.416355E01
1.000000E02, 1.668227E01
1.000000E02, 1.984688E01
1.000000E02, 2.351961E01
1.000000E02, 2.756700E01
1.000000E02, 3.184874E01
1.000000E02, 3.630532E01
1.000000E02, 4.083472E01
1.000000E02, 4.524590E01
1.000000E02, 4.951011E01
1.000000E02, 5.364911E01
1.000000E02, 5.760327E01
1.000000E02, 6.132891E01
1.000000E02, 6.475043E01
1.000000E02, 6.781453E01
1.000000E02, 7.061631E01
1.000000E02, 7.318040E01
1.000000E02, 7.536362E01
1.000000E02, 7.718712E01
1.000000E02, 7.879138E01
1.000000E02, 8.014148E01
1.000000E02, 8.121391E01
1.000000E02, 8.209116E01
1.000000E02, 8.280576E01
1.000000E02, 8.334450E01
1.000000E02, 8.379959E01
1.000000E02, 8.425945E01
1.000000E02, 8.463343E01
1.000000E02, 8.488652E01
1.000000E02, 8.518382E01
1.000000E02, 8.557024E01
1.000000E02, 8.593593E01
1.000000E02, 8.629612E01
1.000000E02, 8.671907E01
1.000000E02, 8.718442E01
1.000000E02, 8.769539E01
1.000000E02, 8.829798E01
1.000000E02, 8.888092E01
1.000000E02, 8.937886E01
1.000000E02, 8.986685E01
1.000000E02, 9.037763E01
1.000000E02, 9.089934E01
1.000000E02, 9.131017E01
1.000000E02, 9.158384E01
1.000000E02, 9.186970E01
1.000000E02, 9.218373E01
1.000000E02, 9.243299E01
1.000000E02, 9.262497E01
1.000000E02, 9.281741E01
1.000000E02, 9.303531E01
1.000000E02, 9.333432E01
1.000000E02, 9.366682E01
1.000000E02, 9.396111E01
1.000000E02, 9.429363E01
1.000000E02, 9.473268E01
1.000000E02, 9.529552E01
1.000000E02, 9.586260E01
1.000000E02, 9.642842E01
1.000000E02, 9.711345E01
1.000000E02, 9.783705E01
1.000000E02, 9.855726E01
1.000000E02, 9.931758E01
1.000000E02, 1.000899E02
1.000000E02, 1.008362E02
1.000000E02, 1.015969E02
1.000000E02, 1.023857E02
1.000000E02, 1.031379E02
1.000000E02, 1.038349E02
1.000000E02, 1.044709E02
1.000000E02, 1.050875E02
1.000000E02, 1.056938E02
1.000000E02, 1.062572E02
1.000000E02, 1.067916E02
1.000000E02, 1.072177E02
1.000000E02, 1.076053E02
1.000000E02, 1.080726E02
1.000000E02, 1.084882E02
1.000000E02, 1.087895E02
1.000000E02, 1.090739E02
1.000000E02, 1.093954E02
1.000000E02, 1.097445E02
1.000000E02, 1.100932E02
1.000000E02, 1.103689E02
1.000000E02, 1.106025E02
1.000000E02, 1.108796E02
1.000000E02, 1.111899E02
1.000000E02, 1.115112E02
1.000000E02, 1.117922E02
1.000000E02, 1.120144E02
1.000000E02, 1.122669E02
1.000000E02, 1.125890E02
1.000000E02, 1.129338E02
1.000000E02, 1.133143E02
1.000000E02, 1.138177E02
1.000000E02, 1.145504E02
1.000000E02, 1.155078E02
1.000000E02, 1.167462E02
1.000000E02, 1.184415E02
1.000000E02, 1.206070E02
1.000000E02, 1.232227E02
1.000000E02, 1.264715E02
1.000000E02, 1.304321E02
1.000000E02, 1.349493E02
1.000000E02, 1.401438E02
1.000000E02, 1.460276E02
1.000000E02, 1.524049E02
1.000000E02, 1.592076E02
1.000000E02, 1.664232E02
1.000000E02, 1.740640E02
1.000000E02, 1.818960E02
1.000000E02, 1.897769E02
1.000000E02, 1.976592E02
1.000000E02, 2.054275E02
1.000000E02, 2.129710E02
1.000000E02, 2.202797E02
1.000000E02, 2.272043E02
1.000000E02, 2.335091E02
1.000000E02, 2.393140E02
1.000000E02, 2.446428E02
1.000000E02, 2.493424E02
1.000000E02, 2.533407E02
1.000000E02, 2.567121E02
1.000000E02, 2.595935E02
1.000000E02, 2.620359E02
1.000000E02, 2.640682E02
1.000000E02, 2.656367E02
1.000000E02, 2.668711E02
1.000000E02, 2.679785E02
1.000000E02, 2.689441E02
1.000000E02, 2.697555E02
1.000000E02, 2.703191E02
1.000000E02, 2.707704E02
1.000000E02, 2.712279E02
1.000000E02, 2.717172E02
1.000000E02, 2.721068E02
1.000000E02, 2.722570E02
1.000000E02, 2.723727E02
1.000000E02, 2.725021E02
1.000000E02, 2.726109E02
1.000000E02, 2.726336E02
1.000000E02, 2.725736E02
1.000000E02, 2.724151E02
1.000000E02, 2.722426E02
1.000000E02, 2.720477E02
1.000000E02, 2.717949E02
1.000000E02, 2.714195E02
1.000000E02, 2.709436E02
1.000000E02, 2.704943E02
1.000000E02, 2.699643E02
1.000000E02, 2.693096E02
1.000000E02, 2.685682E02
1.000000E02, 2.677708E02
1.000000E02, 2.668908E02
1.000000E02, 2.659653E02
1.000000E02, 2.649331E02
1.000000E02, 2.637491E02
1.000000E02, 2.625438E02
1.000000E02, 2.613317E02
1.000000E02, 2.599538E02
1.000000E02, 2.584098E02
1.000000E02, 2.567261E02
1.000000E02, 2.549962E02
1.000000E02, 2.531861E02
1.000000E02, 2.512623E02
1.000000E02, 2.490950E02
1.000000E02, 2.467749E02
1.000000E02, 2.443136E02
1.000000E02, 2.417582E02
1.000000E02, 2.390855E02
1.000000E02, 2.360940E02
1.000000E02, 2.330775E02
1.000000E02, 2.299118E02
1.000000E02, 2.266281E02
1.000000E02, 2.232680E02
1.000000E02, 2.198042E02
1.000000E02, 2.162750E02
1.000000E02, 2.127498E02
1.000000E02, 2.091819E02
1.000000E02, 2.056504E02
1.000000E02, 2.021614E02
1.000000E02, 1.987222E02
1.000000E02, 1.953154E02
1.000000E02, 1.920782E02
1.000000E02, 1.889328E02
1.000000E02, 1.858502E02
1.000000E02, 1.829774E02
1.000000E02, 1.802941E02
1.000000E02, 1.777825E02
1.000000E02, 1.753817E02
1.000000E02, 1.732095E02
1.000000E02, 1.711448E02
1.000000E02, 1.693539E02
1.000000E02, 1.676896E02
1.000000E02, 1.662574E02
1.000000E02, 1.649450E02
1.000000E02, 1.637007E02
1.000000E02, 1.626723E02
1.000000E02, 1.617752E02
1.000000E02, 1.608888E02
1.000000E02, 1.601039E02
1.000000E02, 1.594236E02
1.000000E02, 1.587792E02
1.000000E02, 1.582147E02
1.000000E02, 1.576808E02
1.000000E02, 1.572154E02
1.000000E02, 1.567404E02
1.000000E02, 1.563753E02
1.000000E02, 1.559988E02
1.000000E02, 1.557516E02
1.000000E02, 1.555274E02
1.000000E02, 1.552947E02
1.000000E02, 1.551201E02
1.000000E02, 1.550561E02
1.000000E02, 1.549569E02
1.000000E02, 1.548873E02
1.000000E02, 1.548558E02
1.000000E02, 1.548444E02
1.000000E02, 1.548728E02
##END