# File created = Tuesday, December 10, 2024 2:10:15 PM CET
# Data set = 20241206_parallelHSQC  82  995  D:\Topspin\examdata
# Spectral Region:
# LEFT = 10.0 ppm. RIGHT = 0.002576844041229265 ppm.
#
# SIZE = 2048 ( = number of points)
#
# In the following ordering is from the 'left' to the 'right' limits!
# Lines beginning with '#' must be considered as comment lines.
#
-1187050.0
-1125086.0
-1233898.0
-956104.0
-738476.0
-597882.0
-443804.0
-456014.0
-428428.0
-342038.0
-137194.0
16202.0
64516.0
85088.0
109814.0
44190.0
-64922.0
312776.0
319472.0
-106932.0
-189942.0
48814.0
188446.0
191870.0
67882.0
-314770.0
-282884.0
419488.0
970226.0
1168030.0
967316.0
459918.0
-78654.0
-297604.0
-339484.0
-131964.0
137672.0
370280.0
261614.0
-15958.0
-365564.0
37724.0
590800.0
581412.0
101252.0
-202576.0
-32610.0
89250.0
186356.0
157880.0
-28640.0
-356944.0
157306.0
360356.0
209958.0
295278.0
232254.0
-111992.0
-122700.0
351736.0
662292.0
646084.0
293996.0
-202286.0
-268826.0
-45710.0
-157040.0
-196748.0
138474.0
32422.0
184536.0
601724.0
831288.0
876402.0
775602.0
438386.0
-40568.0
132428.0
126314.0
89006.0
-106024.0
-297220.0
-245944.0
-198576.0
-477164.0
-395446.0
-528846.0
-344284.0
-244666.0
-50802.0
-129824.0
-325136.0
-34036.0
172828.0
391120.0
195878.0
83212.0
96876.0
-182374.0
-183408.0
-191138.0
-407224.0
-345668.0
-189928.0
-146102.0
-233612.0
-573492.0
-446454.0
-350658.0
-583040.0
-628158.0
-602800.0
-355104.0
24684.0
42178.0
-261132.0
26554.0
276738.0
234666.0
369216.0
864128.0
860854.0
458008.0
-87924.0
-212482.0
-194242.0
-140874.0
-67316.0
-220804.0
-338978.0
83588.0
125428.0
-136536.0
-253162.0
-376898.0
-463458.0
-526812.0
-401244.0
-529250.0
-267754.0
-226598.0
-270556.0
42240.0
-14736.0
-137536.0
280766.0
687054.0
784600.0
926950.0
1145498.0
989622.0
677218.0
442036.0
467234.0
649384.0
366510.0
-232880.0
-755686.0
-920596.0
-561240.0
-235650.0
-338202.0
-337282.0
-236198.0
24176.0
353854.0
182894.0
937118.0
1516518.0
1749266.0
1625002.0
1226916.0
623720.0
143314.0
27386.0
-26376.0
68472.0
-81458.0
6186.0
-94834.0
-204030.0
-14272.0
186592.0
301474.0
284116.0
59958.0
-278026.0
-558444.0
-397838.0
-476322.0
-436942.0
-122570.0
-51874.0
-301698.0
-414224.0
-577534.0
-297600.0
-38360.0
232916.0
169668.0
-243340.0
-154504.0
716178.0
1290228.0
1251700.0
1524324.0
1585400.0
1513236.0
1309056.0
967580.0
513142.0
142844.0
217706.0
-35598.0
-196694.0
-694862.0
-419480.0
-203042.0
-53236.0
331584.0
3646.0
374540.0
309608.0
-268988.0
-59644.0
512498.0
392380.0
19074.0
-266734.0
236048.0
350766.0
184916.0
512800.0
381566.0
178978.0
133930.0
-38160.0
-12744.0
-133552.0
-389498.0
-507950.0
-410188.0
-166364.0
310216.0
501148.0
149658.0
-219140.0
-112190.0
-328448.0
-441422.0
-251250.0
-160662.0
-291616.0
-352216.0
-445306.0
-216030.0
-89218.0
122826.0
-180086.0
-325442.0
-577926.0
-126396.0
241474.0
-12588.0
-56468.0
229326.0
401074.0
376980.0
133846.0
-223490.0
-243208.0
78318.0
531500.0
945176.0
1191656.0
1246362.0
1147446.0
966928.0
831074.0
609978.0
889950.0
1162552.0
785476.0
346462.0
-69790.0
-455024.0
-353586.0
-73634.0
278754.0
287884.0
-12912.0
-291996.0
-45094.0
85662.0
-43434.0
-377522.0
-480096.0
-640360.0
-524242.0
-137520.0
152930.0
170090.0
-132334.0
-862304.0
-1003954.0
-520786.0
61298.0
-105238.0
-263464.0
271756.0
663738.0
851600.0
843454.0
627938.0
183326.0
-437604.0
-527204.0
-304686.0
-147170.0
22004.0
-293598.0
-277784.0
-277204.0
-183150.0
65186.0
195096.0
-6388.0
-89342.0
152526.0
35502.0
-64916.0
-254332.0
-579918.0
-425016.0
-551572.0
-463076.0
-399558.0
-313898.0
-357864.0
-313704.0
-552450.0
-443550.0
-570198.0
-742848.0
-566302.0
-241666.0
-5354.0
108492.0
132040.0
-112656.0
-230816.0
-569778.0
-758268.0
-1028758.0
-1191986.0
-646500.0
-495302.0
-732040.0
-489038.0
-106214.0
-111488.0
-170306.0
-27710.0
-286758.0
-490890.0
-536866.0
-419472.0
-63910.0
-2076.0
-394382.0
-257354.0
78236.0
118814.0
-181036.0
-421492.0
-119132.0
206894.0
283430.0
478714.0
394346.0
46152.0
99366.0
245564.0
481352.0
177658.0
757120.0
1127716.0
983868.0
372782.0
-471014.0
-828884.0
-723212.0
-590392.0
-389656.0
-421426.0
-724632.0
-228374.0
-9638.0
-8906.0
-133134.0
-392062.0
-296540.0
4632.0
62856.0
-94874.0
-347320.0
-203212.0
-12388.0
207496.0
256452.0
479566.0
347554.0
-140814.0
-170136.0
309086.0
158696.0
-39032.0
-86684.0
-79850.0
-13074.0
-7316.0
-158730.0
-149094.0
201946.0
1005786.0
876230.0
-19530.0
75374.0
75650.0
49874.0
210386.0
136118.0
58316.0
371180.0
349598.0
168304.0
815248.0
1114542.0
1096296.0
961862.0
765066.0
519976.0
796622.0
1009772.0
362900.0
175156.0
831384.0
675108.0
62280.0
-267920.0
206204.0
450534.0
301932.0
-43094.0
-339126.0
-522974.0
-516742.0
-406304.0
-231306.0
35102.0
464504.0
524544.0
144292.0
157350.0
441476.0
776512.0
1019744.0
1018126.0
719784.0
241524.0
-179614.0
-277140.0
-169120.0
168180.0
496302.0
671568.0
585648.0
394358.0
258648.0
329180.0
593968.0
864212.0
1091996.0
1001490.0
579028.0
517866.0
348932.0
80652.0
-296870.0
-311336.0
-318168.0
-619892.0
-716300.0
-642098.0
-174318.0
474718.0
711832.0
393264.0
-223726.0
101170.0
502856.0
658886.0
489460.0
139554.0
-205918.0
-453958.0
-578700.0
-651798.0
-468450.0
-278820.0
-266894.0
-480656.0
-622084.0
-588428.0
-691004.0
-548552.0
-403044.0
-570858.0
-396536.0
-554624.0
-944026.0
-898716.0
-809490.0
-623372.0
-803650.0
-400720.0
-309414.0
-304846.0
-476384.0
-170862.0
51262.0
-223428.0
-500282.0
-549978.0
-392256.0
-412084.0
-48396.0
-53730.0
252366.0
398570.0
176706.0
-184680.0
-423348.0
-594218.0
-764678.0
-880252.0
-801494.0
-616952.0
-567270.0
-713538.0
-503246.0
-231682.0
-4152.0
198478.0
-1672.0
14126.0
76664.0
76738.0
-72588.0
-318940.0
-615932.0
-975446.0
-1343010.0
-1253648.0
-1088334.0
-940730.0
-605620.0
-617268.0
-525278.0
28058.0
144380.0
-211542.0
-865192.0
-1094334.0
-1089664.0
-1140104.0
-1262492.0
-1073164.0
-967756.0
-651086.0
-474580.0
-432042.0
-603154.0
-696962.0
-744422.0
-488844.0
-300826.0
-222156.0
-287026.0
-381966.0
-816912.0
-862054.0
-350710.0
-394706.0
-870510.0
47774.0
604052.0
710228.0
500744.0
236184.0
197014.0
349844.0
407168.0
379692.0
23734.0
-78366.0
-530358.0
-743672.0
-713016.0
-848240.0
-661560.0
-826018.0
-435876.0
-297492.0
210576.0
719810.0
1154554.0
1413288.0
1363916.0
1015582.0
423306.0
-149228.0
-458866.0
-425082.0
-176100.0
71508.0
103260.0
-616.0
-91340.0
97520.0
470338.0
899150.0
1257404.0
1431404.0
1426718.0
1211124.0
828454.0
375770.0
-29152.0
-177086.0
-11142.0
441136.0
868228.0
1092176.0
1115272.0
1009808.0
932178.0
794892.0
603068.0
432250.0
325224.0
325720.0
399110.0
568628.0
668610.0
713756.0
723540.0
675040.0
549462.0
302522.0
16218.0
-153556.0
-150292.0
-18852.0
136542.0
223694.0
208226.0
98460.0
-74396.0
-235338.0
-392430.0
-90376.0
17300.0
84522.0
498844.0
846500.0
1135172.0
1505524.0
2114482.0
3091834.0
4120672.0
4889380.0
5185962.0
5010156.0
4543416.0
4019958.0
3608270.0
3301290.0
3030424.0
2727874.0
2413296.0
2240292.0
2307770.0
2575582.0
2881574.0
2999796.0
2813660.0
2419412.0
2056774.0
1915794.0
1990176.0
2111728.0
2130260.0
2090274.0
2133768.0
2332814.0
2640200.0
2883680.0
2924428.0
2780312.0
2585898.0
2441618.0
2352428.0
2102984.0
1635884.0
1151384.0
964256.0
1159196.0
1569226.0
1977238.0
2226708.0
2231300.0
1921144.0
1394960.0
882090.0
611022.0
575430.0
635332.0
768074.0
965228.0
1213500.0
1470902.0
1672112.0
1735888.0
1589456.0
1268848.0
900332.0
754468.0
931254.0
1428046.0
1929640.0
2287108.0
2497090.0
2502998.0
2321268.0
2040186.0
1897626.0
1866378.0
1962698.0
2237080.0
2718370.0
3341584.0
3918674.0
4045746.0
3712914.0
2973186.0
2153876.0
1459494.0
796996.0
344752.0
1017550.0
1449212.0
1443258.0
1608106.0
2004038.0
3293996.0
3058128.0
3620484.0
4053800.0
4567354.0
5203922.0
5709078.0
5789830.0
5358816.0
4577352.0
3705602.0
2996728.0
2520222.0
2334222.0
2497596.0
3018674.0
3789094.0
4595728.0
5227856.0
5593412.0
5773256.0
5877788.0
5883068.0
5774178.0
5596214.0
5302454.0
4939350.0
4595194.0
4310872.0
4056246.0
3782744.0
3500810.0
3302834.0
3301938.0
3536778.0
3926232.0
4314116.0
4567280.0
4651522.0
4636756.0
4639882.0
4748756.0
4967400.0
5204270.0
5311952.0
5170550.0
4776446.0
4272064.0
3872060.0
3716356.0
3756358.0
3778582.0
3569582.0
3102802.0
2593166.0
2361312.0
2611814.0
3411448.0
4222070.0
4651108.0
4501472.0
3856648.0
3047976.0
2337310.0
1922372.0
1844296.0
2013342.0
2283650.0
2528994.0
2687826.0
2772252.0
2889206.0
3015816.0
3098622.0
3062186.0
2883648.0
2641198.0
2490826.0
2578174.0
2943102.0
3533000.0
4031426.0
4348126.0
4457000.0
4442052.0
4491078.0
4739506.0
5159086.0
5752878.0
6058570.0
5923300.0
5472200.0
5881782.0
6526518.0
6923752.0
7057362.0
7001414.0
7363868.0
7675078.0
7582098.0
7177040.0
6595914.0
5993860.0
5648852.0
5311334.0
5413286.0
5753882.0
6079178.0
6291454.0
6402854.0
6467768.0
6481658.0
6355470.0
6005352.0
5480662.0
5001316.0
4845526.0
5164066.0
5922246.0
6970894.0
7845184.0
8439308.0
8825334.0
9095792.0
9233152.0
9137528.0
8776024.0
8290028.0
7937982.0
7915986.0
8217888.0
8655310.0
9008092.0
9170474.0
9187392.0
9184776.0
9271294.0
9477000.0
9745462.0
9970376.0
1.0064768E7
1.0033876E7
9996058.0
1.0110438E7
1.0445872E7
1.0898172E7
1.1242828E7
1.1295052E7
1.104584E7
1.065881E7
1.0337668E7
1.0185758E7
1.0173028E7
1.021954E7
1.0306462E7
1.0517722E7
1.0984296E7
1.1776636E7
1.2819064E7
1.3883006E7
1.467405E7
1.4975992E7
1.5159092E7
1.4966712E7
1.4623788E7
1.4366246E7
1.4300494E7
1.4373664E7
1.4447566E7
1.440719E7
1.4230328E7
1.4014556E7
1.39402E7
1.4019874E7
1.4333444E7
1.4847058E7
1.5395462E7
1.5758304E7
1.5807978E7
1.5627108E7
1.549014E7
1.569716E7
1.6365308E7
1.7324216E7
1.8193328E7
1.8596642E7
1.8382522E7
1.7714446E7
1.697702E7
1.6554006E7
1.661742E7
1.7062284E7
1.762187E7
1.806913E7
1.8354698E7
1.8597676E7
1.8968714E7
1.9570918E7
2.038841E7
2.1299514E7
2.2126696E7
2.2742696E7
2.3053508E7
2.3228782E7
2.3555668E7
2.4201792E7
2.5110544E7
2.5987108E7
2.6508296E7
2.6581948E7
2.644618E7
2.6658092E7
2.739699E7
2.87105E7
3.0412648E7
3.2244262E7
3.4004032E7
3.5569496E7
3.686392E7
3.7866152E7
3.8674458E7
3.9531382E7
4.0724044E7
4.2402308E7
4.447674E7
4.672175E7
4.9016346E7
5.1490414E7
5.441508E7
5.796169E7
6.215935E7
6.7214382E7
7.3908548E7
8.3550318E7
1.02359688E8
1.47070124E8
2.17518334E8
2.94681784E8
3.6760186E8
4.4871378E8
5.39733072E8
6.2994053E8
6.90019328E8
6.89563096E8
6.19508084E8
5.01449438E8
3.70056196E8
2.57614382E8
1.76087482E8
1.28229822E8
1.01816844E8
8.8816998E7
8.314122E7
8.1454376E7
8.1733248E7
8.2425124E7
8.2368096E7
8.1520408E7
8.037291E7
7.9159576E7
7.7764588E7
7.6108542E7
7.4349452E7
7.2715108E7
7.1290214E7
7.0007344E7
6.8750968E7
6.74119E7
6.5910552E7
6.4269824E7
6.2671258E7
6.135625E7
6.040697E7
5.968016E7
5.889325E7
5.7810102E7
5.6519214E7
5.524505E7
5.4133828E7
5.315628E7
5.2186858E7
5.1143912E7
5.0049472E7
4.8976652E7
4.796279E7
4.6982444E7
4.6003918E7
4.506636E7
4.4285096E7
4.3751928E7
4.3404716E7
4.2995656E7
4.2218826E7
4.091328E7
3.917916E7
3.7316422E7
3.5646306E7
3.4353014E7
3.3428978E7
3.2709514E7
3.1950966E7
3.0963628E7
2.9856186E7
2.8577516E7
2.7383658E7
2.6505886E7
2.5988166E7
2.5669554E7
2.533333E7
2.4882408E7
2.4499826E7
2.4135912E7
2.3725836E7
2.3176088E7
2.242718E7
2.1574894E7
2.086026E7
2.0524814E7
2.0650918E7
2.1109932E7
2.1643172E7
2.2006588E7
2.20896E7
2.1954388E7
2.1784886E7
2.1768872E7
2.1972432E7
2.2289196E7
2.2516734E7
2.252193E7
2.2370978E7
2.23073E7
2.257644E7
2.3228486E7
2.405688E7
2.4728742E7
2.4988504E7
2.4828618E7
2.4432616E7
2.4032132E7
2.3753542E7
2.3583228E7
2.3448992E7
2.3324176E7
2.3258784E7
2.332196E7
2.3522192E7
2.3781916E7
2.3982918E7
2.4034448E7
2.3908524E7
2.3629998E7
2.3247714E7
2.28108E7
2.235083E7
2.186626E7
2.1323308E7
2.0690584E7
1.9992016E7
1.9327058E7
1.8819954E7
1.8523768E7
1.835856E7
1.8146666E7
1.7729528E7
1.7080974E7
1.6332054E7
1.5688516E7
1.529724E7
1.5264046E7
1.5304868E7
1.5147588E7
1.4655336E7
1.3894038E7
1.3069068E7
1.2377108E7
1.1889632E7
1.1548278E7
1.125134E7
1.0938964E7
1.0608656E7
1.0278286E7
1.003669E7
9847894.0
9731692.0
9722746.0
9780526.0
9783220.0
9613718.0
9277658.0
8976234.0
8812990.0
8881248.0
9148326.0
9526380.0
9818676.0
9936432.0
9819680.0
9433078.0
8824470.0
8051100.0
7366528.0
7066508.0
7096416.0
7128950.0
6832084.0
6124830.0
5268074.0
4672518.0
4581156.0
4893020.0
5294882.0
5580290.0
5574522.0
5393442.0
5264418.0
5141100.0
5124340.0
5322968.0
5599026.0
5848576.0
5967422.0
5777482.0
5328018.0
4824302.0
4475366.0
4338208.0
4299964.0
4214690.0
4065728.0
3999666.0
4371328.0
4991602.0
5641602.0
6020958.0
5949516.0
5502756.0
4993642.0
4654222.0
4659532.0
4848656.0
4951406.0
4804980.0
4584324.0
4446422.0
4600016.0
5060652.0
5601632.0
5905150.0
5781986.0
5288662.0
4667146.0
4267480.0
4210750.0
4388604.0
4608624.0
4493918.0
4033226.0
3619770.0
3404484.0
3556630.0
3945722.0
4299366.0
4433358.0
4315508.0
4086252.0
3950406.0
4027464.0
4272430.0
4514032.0
4569762.0
4525826.0
4275316.0
3904720.0
3581662.0
3426566.0
3435656.0
3501696.0
3565364.0
3551660.0
3702804.0
4078166.0
4571190.0
4875724.0
4679172.0
3903094.0
2950156.0
2114760.0
1583150.0
1481258.0
1759426.0
2288634.0
2950340.0
3648596.0
4270502.0
4672722.0
4732876.0
4427840.0
3903042.0
3392526.0
3055068.0
3056370.0
3437954.0
4088388.0
4762856.0
5175578.0
5149012.0
4733150.0
4190516.0
3880510.0
3931270.0
4125844.0
4168890.0
3990914.0
3649228.0
3342656.0
3069152.0
2861804.0
2786984.0
2807386.0
2802694.0
2732108.0
2712092.0
2796592.0
2929044.0
3013130.0
2949692.0
2688748.0
2363254.0
1983024.0
1569110.0
1150698.0
822644.0
801742.0
948928.0
1256804.0
1695740.0
2284442.0
2795334.0
2956994.0
2652612.0
2005782.0
1264304.0
756820.0
669798.0
1036876.0
1588184.0
2037798.0
2194336.0
2034346.0
1773282.0
1610430.0
1654980.0
1743878.0
1750586.0
1601668.0
1332606.0
1083210.0
1020568.0
1225952.0
1626856.0
2038956.0
2296024.0
2427228.0
2466840.0
2505210.0
2568052.0
2655222.0
2786764.0
2823612.0
2922984.0
2841742.0
2532098.0
2022774.0
1421346.0
891282.0
583200.0
561206.0
774442.0
1094052.0
1390932.0
1602204.0
1743312.0
1862510.0
1977532.0
2046292.0
1992530.0
1914872.0
1633654.0
1130110.0
484576.0
247550.0
162356.0
-156350.0
-225602.0
431342.0
1311730.0
2195310.0
2829648.0
3132854.0
3131378.0
2978982.0
2644340.0
1986588.0
1138082.0
395872.0
103884.0
207244.0
560620.0
944024.0
1106704.0
1010788.0
768264.0
528032.0
385124.0
374212.0
503452.0
753506.0
1040728.0
1218370.0
1158768.0
854224.0
495270.0
142652.0
-142752.0
-320422.0
-428414.0
-441818.0
-292932.0
33576.0
507546.0
1070814.0
1451606.0
1604460.0
1411028.0
929136.0
297174.0
-301634.0
-676806.0
-656874.0
-188334.0
341454.0
830752.0
1249606.0
877482.0
526558.0
34450.0
-464260.0
62678.0
352282.0
200890.0
429148.0
653632.0
836664.0
1023376.0
1212308.0
1347842.0
1356410.0
1188754.0
903128.0
727578.0
779148.0
1097670.0
1597066.0
2093024.0
2314492.0
2167314.0
1653754.0
950230.0
200942.0
-308622.0
-136384.0
-295876.0
-485856.0
-231022.0
132648.0
278628.0
20002.0
-415370.0
-878884.0
-1119592.0
-900032.0
-903138.0
-650252.0
-600186.0
-907886.0
-759472.0
-760252.0
-1044154.0
-1066784.0
-633926.0
64606.0
217002.0
-147264.0
-584878.0
-448098.0
-309620.0
-253366.0
-230296.0
-171678.0
-62348.0
49578.0
103672.0
75128.0
-25472.0
-183722.0
-398114.0
-664228.0
-949560.0
-761098.0
-299000.0
-115628.0
-363194.0
-316462.0
72026.0
233470.0
71376.0
-319170.0
-660506.0
-791282.0
-616346.0
-233120.0
124150.0
236712.0
54484.0
-253896.0
2976.0
323772.0
378902.0
968726.0
1224782.0
998466.0
443060.0
-120814.0
-287080.0
-30776.0
377596.0
524628.0
169636.0
-488628.0
-90510.0
162482.0
44768.0
-411568.0
-293640.0
-460508.0
-531610.0
-277784.0
-380400.0
-415154.0
-487560.0
-462090.0
-202386.0
-133528.0
-395580.0
-900774.0
-878360.0
-911466.0
-753474.0
-207048.0
79310.0
-70808.0
-470944.0
-911034.0
-1139656.0
-1018486.0
-795158.0
-993762.0
-954348.0
-994514.0
-625516.0
-616000.0
-897006.0
-936832.0
-233982.0
-202510.0
-621434.0
-545360.0
-380060.0
-267916.0
-276948.0
-337376.0
-115924.0
391458.0
415420.0
-226200.0
-532820.0
-419456.0
-246374.0
110118.0
572308.0
957624.0
1027954.0
1342872.0
1601966.0
1397094.0
662310.0
163290.0
-574290.0
-500678.0
-349322.0
-411128.0
-536574.0
-337728.0
-21724.0
223040.0
-227390.0
-433732.0
-718554.0
-787988.0
-913198.0
-849840.0
-515426.0
-351604.0
86302.0
559364.0
527470.0
198844.0
-157372.0
-440522.0
-413958.0
-644492.0
-345022.0
-162304.0
-139758.0
-131654.0
313484.0
354738.0
1097560.0
1332890.0
1001638.0
248212.0
-11614.0
-385524.0
-572656.0
-36730.0
692746.0
1227304.0
1289236.0
999640.0
503986.0
79392.0
-15680.0
59464.0
-52076.0
-10016.0
-24422.0
-16608.0
-10956.0
-54404.0
-145362.0
-215432.0
-128312.0
166626.0
557286.0
813204.0
745182.0
323068.0
-385898.0
-625930.0
-555982.0
-370830.0
-161946.0
-315954.0
-664246.0
-216308.0
367696.0
707590.0
803558.0
636314.0
217752.0
-242190.0
-328780.0
583816.0
742488.0
135432.0
-735942.0
-344630.0
-614934.0
-323036.0
-273930.0
-233896.0
-390342.0
-602798.0
-914392.0
-819284.0
-1149966.0
-874808.0
-455042.0
-593254.0
-883444.0
-574870.0
-212762.0
-315518.0
-339434.0
-172448.0
-193798.0
19104.0
45210.0
-261426.0
-713304.0
-169020.0
-31234.0
-94096.0
76600.0
-66194.0
-259124.0
-366136.0
-253084.0
-78064.0
30744.0
-71270.0
-126492.0
14094.0
102556.0
333980.0
90250.0
-6982.0
-405230.0
-962518.0
-350364.0
-88748.0
308906.0
353620.0
294824.0
629668.0
589798.0
392062.0
166090.0
-81428.0
-348676.0
-505746.0
-707786.0
-894792.0
-816774.0
-732884.0
-852660.0
-640642.0
-294730.0
-4584.0
-65692.0
-64488.0
-289182.0
-198482.0
332532.0
970780.0
1319428.0
1251272.0
810288.0
192742.0
-370130.0
-387610.0
-18782.0
68240.0
105836.0
-133156.0
-518918.0
-366514.0
-10706.0
192686.0
68882.0
-183362.0
109056.0
617272.0
745724.0
382672.0
71758.0
108466.0
669020.0
1110030.0
1108056.0
738946.0
444142.0
414862.0
86302.0
5512.0
-534076.0
-991826.0
-917906.0
-742608.0
-905764.0
-620722.0
-524364.0
-531294.0
-169152.0
57204.0
49558.0
180764.0
-111594.0
-694040.0
-576166.0
-290816.0
-322788.0
-551430.0
-583556.0
-197388.0
-103984.0
-22226.0
414926.0
912428.0
1252142.0
1254678.0
807276.0
312346.0
60370.0
32164.0
-220054.0
10324.0
152032.0
-153824.0
-52516.0
102036.0
86954.0
-58534.0
-264672.0
-230022.0
268856.0
487970.0
207554.0
-363688.0
96542.0
631586.0
668104.0
1002574.0
979482.0
579740.0
-57242.0
-661978.0
-127224.0
-6410.0
-205272.0
-210204.0
83454.0
210426.0
334102.0
460924.0
454402.0
302358.0
229458.0
69586.0
-159904.0
-34006.0
-171820.0
-292520.0
12708.0
297302.0
-20468.0
-299468.0
58830.0
818634.0
1179684.0
956834.0
368020.0
-111308.0
-220586.0
-352284.0
-221154.0
-222842.0
17036.0
177758.0
173896.0
38438.0
-91200.0
652126.0
1185552.0
1398836.0
1144726.0
428654.0
-118336.0
-157628.0
82790.0
207068.0
210446.0
-117108.0
-100262.0
227992.0
178538.0
-177044.0
-466672.0
-151108.0
168494.0
282242.0
370444.0
928894.0
1130608.0
906402.0
487732.0
450414.0
84026.0
-78030.0
400418.0
184074.0
-302090.0
-199300.0
-315670.0
-182462.0
-69174.0
-87752.0
-304810.0
-586148.0
-873288.0
-757720.0
-654052.0
-487508.0
-213964.0
57138.0
175700.0
206720.0
433178.0
456946.0
432246.0
58222.0
403802.0
378016.0
-141610.0
-408344.0
-613952.0
-280758.0
550606.0
755748.0
1282542.0
1594718.0
1505362.0
1091498.0
567650.0
-4618.0
-540442.0
-717030.0
-79666.0
50602.0
-241120.0
-204696.0
308204.0
488342.0
645276.0
743356.0
543742.0
35088.0
-235268.0
-467344.0
-804216.0
-693402.0
-249194.0
-187648.0
232384.0
359394.0
139808.0
-203090.0
-236098.0
-400382.0
-655600.0
-720788.0
-490556.0
-266400.0
64056.0
53782.0
-229670.0
-234666.0
168928.0
-26926.0
-460564.0
-215542.0
-255878.0
-75138.0
62122.0
-7812.0
-190556.0
-120814.0
55090.0
12554.0
40060.0
188268.0
739842.0
954174.0
784622.0
337256.0
-90640.0
78562.0
84110.0
-90366.0
-84110.0
257776.0
396050.0
204548.0
190132.0
-147812.0
-540306.0
-731262.0
-334906.0
156568.0
501028.0
527052.0
368454.0
238936.0
250088.0
271614.0
-2862.0
-174352.0
219708.0
332488.0
314208.0
285702.0
64042.0
434606.0
418728.0
-60154.0
-101222.0
-91936.0
95222.0
623128.0
827182.0
784074.0
737154.0
256032.0
-378362.0
-273300.0
-73072.0
-92018.0
-183802.0
-433696.0
-301514.0
-534010.0
-300488.0
-91862.0
-105046.0
46026.0
55618.0
-351564.0
-87796.0
-31788.0
30456.0
193808.0
367466.0
307262.0
228392.0
257518.0
684120.0
569634.0
-57160.0
-271474.0
-426512.0
-246654.0
-458490.0
-355402.0
-312162.0
-369636.0
167670.0
174826.0
-109232.0
14738.0
192310.0
-1316.0
-338184.0
-28588.0
275430.0
348728.0
324860.0
371450.0
692152.0
587944.0
188884.0
-224508.0
-469690.0
-474008.0
-355920.0
-296988.0
-320242.0
-405874.0
4176.0
434750.0
305962.0
-290650.0
-352938.0
-396914.0
-453640.0
-388204.0
-350156.0
-717334.0
-887926.0
-805164.0
-567652.0
-431482.0
-523656.0
