# File created = Tuesday, December 10, 2024 2:10:34 PM CET
# Data set = 20241206_parallelHSQC  84  995  D:\Topspin\examdata
# Spectral Region:
# LEFT = 10.0 ppm. RIGHT = 0.0025768440324949182 ppm.
#
# SIZE = 2048 ( = number of points)
#
# In the following ordering is from the 'left' to the 'right' limits!
# Lines beginning with '#' must be considered as comment lines.
#
-642728.0
-403276.0
-181856.0
-139176.0
-423560.0
-387256.0
17756.0
-84132.0
-40664.0
-20632.0
-315872.0
-434044.0
-714428.0
-774676.0
-700564.0
-655340.0
-103488.0
93136.0
439100.0
635240.0
647368.0
446460.0
-38832.0
-512552.0
-492140.0
-324980.0
-494040.0
-208576.0
-254644.0
72456.0
537324.0
350104.0
904088.0
1066688.0
889368.0
562580.0
277008.0
200288.0
433872.0
880192.0
1419744.0
1811352.0
1823020.0
1347388.0
530100.0
-162252.0
113668.0
53732.0
-250504.0
318116.0
664672.0
678176.0
475452.0
397568.0
546224.0
365104.0
76528.0
-268832.0
-70076.0
-24200.0
22588.0
368172.0
702592.0
679656.0
216456.0
-329088.0
-302980.0
311576.0
935948.0
1206024.0
1090988.0
652460.0
293792.0
602352.0
465156.0
-36596.0
-84344.0
248256.0
237452.0
-68040.0
-361004.0
98816.0
648204.0
798868.0
502568.0
354564.0
202728.0
255032.0
276152.0
-86508.0
-232804.0
157352.0
82940.0
-217432.0
-462972.0
-203856.0
-29556.0
186740.0
372716.0
253992.0
-129172.0
-321524.0
-447048.0
-288880.0
-331828.0
-837280.0
-452188.0
382808.0
477780.0
-190796.0
-413224.0
-331820.0
-256812.0
-596604.0
56960.0
1054708.0
1876056.0
2160068.0
1808824.0
947228.0
295372.0
219960.0
351244.0
695364.0
526220.0
41368.0
-532132.0
-804896.0
-491940.0
-279764.0
-275612.0
-419044.0
-433984.0
-385384.0
-366236.0
-333584.0
-394824.0
-528484.0
-46420.0
241128.0
253388.0
126972.0
611996.0
763960.0
472280.0
74612.0
381836.0
245720.0
50476.0
846560.0
1012560.0
540200.0
-387492.0
-310256.0
-253664.0
-87924.0
-97304.0
24628.0
6708.0
-228012.0
-774552.0
-1146332.0
-894308.0
-739076.0
-364396.0
-117800.0
115104.0
271056.0
-22316.0
-466348.0
-749152.0
-481592.0
-486124.0
-182056.0
-310652.0
-501680.0
-354660.0
-181140.0
28296.0
216440.0
149428.0
-169448.0
-163328.0
-202108.0
-158672.0
-263564.0
-190716.0
-18976.0
250144.0
563512.0
572016.0
189452.0
-525948.0
-304156.0
-161920.0
-249556.0
-660640.0
-665444.0
-99996.0
54344.0
-313536.0
-161496.0
185880.0
-48304.0
-137144.0
75448.0
388888.0
228780.0
110148.0
146988.0
202208.0
197740.0
-47124.0
-400096.0
-89556.0
147516.0
-154036.0
-367668.0
-400792.0
-401612.0
-569904.0
-592308.0
-144844.0
-97372.0
638944.0
1541444.0
1924816.0
1649568.0
912008.0
70268.0
-546368.0
-101880.0
39732.0
-297332.0
-616424.0
-261584.0
-239676.0
-179184.0
-389184.0
-485832.0
-662472.0
-770960.0
-873424.0
-784072.0
-312692.0
-12888.0
118708.0
159120.0
171016.0
136392.0
280348.0
617528.0
660440.0
332264.0
486248.0
637072.0
674500.0
938176.0
828232.0
369960.0
-102108.0
-243200.0
88752.0
406356.0
550968.0
494768.0
327328.0
161468.0
41720.0
-76196.0
-85656.0
-487568.0
-541380.0
-13760.0
305164.0
178964.0
55272.0
273872.0
300868.0
670984.0
698944.0
672924.0
409640.0
301644.0
69884.0
-421736.0
-557180.0
-631300.0
-510456.0
-243128.0
-221476.0
-267756.0
-48864.0
-110908.0
-387468.0
-688940.0
-876836.0
-654620.0
-470672.0
-50164.0
382096.0
590944.0
475028.0
310840.0
424.0
-29964.0
544484.0
543772.0
25660.0
-786040.0
-685200.0
-333068.0
-102556.0
-190076.0
-520484.0
-488004.0
-141636.0
-141856.0
-493348.0
-437220.0
-323924.0
-227340.0
-250200.0
-355576.0
-276932.0
-195676.0
-233460.0
-390628.0
-339336.0
-42308.0
-86596.0
-346308.0
-237724.0
13728.0
-56420.0
-421576.0
-338192.0
240084.0
470460.0
434116.0
164248.0
184040.0
277000.0
287452.0
110184.0
1232.0
179700.0
-114068.0
-293664.0
-72776.0
389376.0
887688.0
976852.0
681176.0
229364.0
-51944.0
-132184.0
226648.0
712684.0
916572.0
665144.0
90344.0
-404568.0
-476540.0
-160992.0
40784.0
-137728.0
-425272.0
-290036.0
-387224.0
-548256.0
-218120.0
91200.0
-187904.0
-740.0
201768.0
220392.0
4568.0
-400292.0
-55680.0
13720.0
-135732.0
-400464.0
-695424.0
-384052.0
-252904.0
-629844.0
-203108.0
-116836.0
-546364.0
-850336.0
-892528.0
-564336.0
-402672.0
-362352.0
-364632.0
-309300.0
-399432.0
-504048.0
-276676.0
-446996.0
-271556.0
-403176.0
-185388.0
-120280.0
-361964.0
-206476.0
-187064.0
-221388.0
-613952.0
-500316.0
-44268.0
223564.0
454488.0
156664.0
107640.0
236648.0
27776.0
-136356.0
-465984.0
178900.0
561900.0
721224.0
832608.0
1131144.0
1438436.0
1537040.0
1315000.0
860860.0
399680.0
113428.0
145900.0
271276.0
330368.0
164244.0
271656.0
459232.0
347680.0
502280.0
602872.0
740320.0
1769380.0
1939624.0
1665968.0
1242772.0
486176.0
60260.0
216664.0
394828.0
558824.0
536288.0
335852.0
229016.0
103920.0
-117296.0
-180692.0
-90984.0
27764.0
158960.0
324464.0
539428.0
398764.0
-181580.0
146488.0
139664.0
-292348.0
-427904.0
-362852.0
-392228.0
-374732.0
-397840.0
-33508.0
193912.0
501684.0
169256.0
-216812.0
-159800.0
-291140.0
239084.0
828412.0
1024284.0
806896.0
339472.0
-75748.0
-450484.0
-756288.0
-390336.0
-378652.0
-609892.0
-16440.0
371268.0
346612.0
46400.0
-372388.0
-283100.0
-280788.0
-396260.0
-333216.0
-236884.0
-62708.0
255268.0
12780.0
194800.0
135536.0
558384.0
502828.0
384180.0
621464.0
465600.0
124800.0
-93572.0
-510432.0
-552260.0
-221968.0
77120.0
64732.0
-242616.0
-127672.0
-305608.0
-190320.0
20380.0
-296068.0
-74048.0
45104.0
589724.0
1014280.0
804784.0
334008.0
133632.0
119896.0
408232.0
168540.0
-77948.0
-278160.0
201568.0
112948.0
151888.0
325140.0
181304.0
263688.0
113680.0
-115360.0
-74252.0
-327232.0
-603180.0
-676704.0
-259464.0
70972.0
104440.0
-265724.0
43088.0
161264.0
-93344.0
-33484.0
271144.0
-7432.0
-183068.0
363300.0
1089184.0
1413812.0
1181488.0
567692.0
-116872.0
-163876.0
-311012.0
-243400.0
-100844.0
-250900.0
-327832.0
-420092.0
161276.0
303888.0
-267536.0
-191228.0
-50608.0
1042860.0
1675792.0
1583540.0
875440.0
-43532.0
-671936.0
-484464.0
-99932.0
-185972.0
240056.0
498016.0
514080.0
312808.0
-47480.0
-395736.0
-429800.0
-459120.0
-138048.0
-78484.0
-120804.0
-206520.0
198792.0
449208.0
937820.0
2054452.0
2997872.0
3447464.0
3315848.0
2801620.0
2257848.0
1914452.0
1802432.0
1793848.0
1731284.0
1531236.0
1210540.0
860140.0
600640.0
525872.0
644744.0
831576.0
922724.0
796124.0
630508.0
500500.0
283324.0
413156.0
917284.0
1488532.0
1973028.0
2311660.0
2530972.0
2679092.0
2761296.0
2717488.0
2457016.0
1983892.0
1369028.0
717208.0
213416.0
759412.0
1109992.0
1028688.0
654236.0
524900.0
441460.0
209740.0
-87056.0
-313512.0
-192644.0
345216.0
953928.0
1218744.0
1050580.0
572952.0
132668.0
-155772.0
-13852.0
28788.0
175112.0
619056.0
676608.0
271440.0
235756.0
862524.0
1094868.0
969960.0
774700.0
1032932.0
1085080.0
1367872.0
1322460.0
849628.0
178936.0
-153184.0
-331528.0
-227508.0
-32940.0
-32240.0
-151972.0
-95568.0
262516.0
937412.0
1570284.0
1777204.0
1363528.0
423640.0
203908.0
294788.0
-75632.0
-182544.0
-121324.0
-68472.0
309360.0
839960.0
1364124.0
1693188.0
1736748.0
1510048.0
1245136.0
933440.0
584796.0
74288.0
-374864.0
-143500.0
-326136.0
-248968.0
344184.0
439548.0
447196.0
602084.0
441628.0
627708.0
1019280.0
1278920.0
1432784.0
1616876.0
1888620.0
2280184.0
2638148.0
2924080.0
3128036.0
3235176.0
3196832.0
2963568.0
2628180.0
2325572.0
2250552.0
2540244.0
3122404.0
3712284.0
3982256.0
3690412.0
2981408.0
2164948.0
1605028.0
1493928.0
1771020.0
2210428.0
2592008.0
2819960.0
2970596.0
3078608.0
3122892.0
3115252.0
3067300.0
3010252.0
2945184.0
2693084.0
2279756.0
1639820.0
1234624.0
1762192.0
2306616.0
3452496.0
4625384.0
5602680.0
6217088.0
6445648.0
6419168.0
6323340.0
6257284.0
6170084.0
5995576.0
5719064.0
5453168.0
5387728.0
5656332.0
6221768.0
6981648.0
7703296.0
8338856.0
8988560.0
9752460.0
1.0496684E7
1.1349236E7
1.2351696E7
1.3375272E7
1.3882384E7
1.3574988E7
1.2457344E7
1.0833784E7
9137756.0
7800944.0
6868880.0
6183784.0
5594192.0
5064560.0
4432732.0
3794164.0
3220256.0
2807140.0
2541440.0
2306556.0
2089272.0
1830740.0
1655728.0
1715256.0
1960068.0
2309196.0
2827616.0
3278640.0
3559692.0
3627724.0
3501536.0
3259644.0
3011480.0
2851188.0
2877552.0
3533396.0
3874092.0
3528276.0
3232776.0
3247624.0
3303216.0
3436868.0
3634916.0
3830888.0
4000828.0
4113552.0
4227996.0
4482164.0
4962948.0
5673484.0
6383000.0
6853192.0
6925132.0
6579372.0
5996248.0
5245320.0
4489196.0
3881292.0
3533204.0
3487376.0
3712828.0
4130496.0
4649352.0
5187272.0
5671784.0
6039736.0
6251180.0
6305628.0
6234760.0
6067832.0
5801400.0
5408824.0
4885160.0
4279864.0
3675708.0
3127740.0
2938108.0
3001792.0
3030272.0
3087008.0
3302584.0
3692700.0
4220800.0
4631612.0
4765128.0
4772156.0
5012116.0
5680668.0
6703748.0
7771776.0
8583744.0
9190572.0
9882776.0
1.0798712E7
1.1979524E7
1.292914E7
1.344882E7
1.3584736E7
1.3542688E7
1.348936E7
1.3284216E7
1.2791652E7
1.274526E7
1.3435368E7
1.3967128E7
1.4271568E7
1.4362568E7
1.4320064E7
1.4234348E7
1.416138E7
1.4114896E7
1.4079868E7
1.4020996E7
1.3885232E7
1.3621056E7
1.3225068E7
1.2786864E7
1.2481292E7
1.2486692E7
1.287284E7
1.3545208E7
1.430264E7
1.4975852E7
1.5538212E7
1.6093172E7
1.6745592E7
1.7469532E7
1.8093844E7
1.8580544E7
1.8803832E7
1.8728896E7
1.8502824E7
1.8239256E7
1.7911764E7
1.7361944E7
1.6408728E7
1.4968608E7
1.3192384E7
1.123878E7
9134816.0
7153312.0
6064740.0
6478456.0
6586040.0
6204900.0
5442432.0
4687108.0
4456524.0
5161068.0
6882828.0
9292428.0
1.1789492E7
1.38232E7
1.5191048E7
1.6077648E7
1.6798968E7
1.7535676E7
1.7692536E7
1.6767924E7
1.4624832E7
1.1747788E7
9035644.0
7277920.0
6728064.0
7078080.0
7779856.0
8399824.0
8750900.0
8805628.0
8575476.0
8095176.0
7482436.0
6952052.0
6725052.0
6896372.0
7376108.0
7958836.0
8467236.0
8854040.0
9182332.0
9511972.0
9809080.0
9976052.0
9975852.0
9915112.0
9991896.0
1.0353208E7
1.0898712E7
1.1445032E7
1.1838516E7
1.207172E7
1.2256612E7
1.2511328E7
1.2964944E7
1.3540096E7
1.4030616E7
1.4293136E7
1.425276E7
1.3962808E7
1.3600196E7
1.3397292E7
1.3494232E7
1.3971576E7
1.4861148E7
1.6066876E7
1.7403976E7
1.8638412E7
1.9615652E7
2.0334892E7
2.0867132E7
2.122508E7
2.139154E7
2.1499032E7
2.188294E7
2.2831E7
2.4275584E7
2.584322E7
2.725716E7
2.8589476E7
3.002776E7
3.1531124E7
3.2982712E7
3.4698852E7
3.74065E7
4.138158E7
4.597466E7
5.124306E7
6.066248E7
8.2624632E7
1.30024776E8
2.1276318E8
3.35150608E8
4.99846464E8
6.95395852E8
9.03362776E8
1.097072636E9
1.245230956E9
1.315900388E9
1.282189876E9
1.154187728E9
9.71712864E8
7.84982004E8
6.30395236E8
5.17863008E8
4.36183792E8
3.68869832E8
3.0691356E8
2.50851928E8
2.04799264E8
1.70252804E8
1.44677184E8
1.2404468E8
1.0563488E8
9.0385968E7
7.7234428E7
6.6191212E7
5.8538092E7
5.2403616E7
4.7245592E7
4.26793E7
3.8577136E7
3.5064084E7
3.2333596E7
3.0469496E7
2.9412168E7
2.911908E7
2.949264E7
3.0032688E7
3.0240256E7
2.976242E7
2.8947028E7
2.8006684E7
2.7206856E7
2.6847376E7
2.6862768E7
2.6933908E7
2.6753596E7
2.6776904E7
2.6378204E7
2.5564456E7
2.438104E7
2.3123352E7
2.1802936E7
2.0574832E7
1.97324E7
1.948634E7
1.9852128E7
2.0605656E7
2.1359636E7
2.1745384E7
2.1601256E7
2.10408E7
2.0495668E7
2.0061584E7
1.9770232E7
1.9526832E7
1.9196736E7
1.8757468E7
1.8324624E7
1.8035972E7
1.7912656E7
1.783948E7
1.7800692E7
1.7536836E7
1.7184056E7
1.6962848E7
1.701802E7
1.7376092E7
1.78972E7
1.8280364E7
1.8389316E7
1.8233508E7
1.7941448E7
1.7683828E7
1.770634E7
1.8001116E7
1.8511168E7
1.9072432E7
1.946598E7
1.9525968E7
1.9233652E7
1.8734536E7
1.8259776E7
1.7995956E7
1.7983532E7
1.8106428E7
1.8176552E7
1.8055888E7
1.7735036E7
1.7315204E7
1.6906648E7
1.6519252E7
1.6035336E7
1.5298928E7
1.4261316E7
1.3062996E7
1.1969388E7
1.1196152E7
1.0762236E7
1.0495344E7
1.018494E7
9746320.0
9252172.0
9035872.0
8821668.0
8493232.0
7951820.0
7221948.0
6442072.0
5748596.0
5168340.0
4620376.0
4014988.0
3344940.0
2681376.0
2086964.0
2434352.0
3103884.0
3768336.0
4432924.0
5066880.0
5623736.0
6067620.0
6395960.0
6641508.0
6841104.0
6986016.0
6995476.0
6746900.0
6151996.0
5227628.0
4112444.0
3213108.0
2530732.0
2164904.0
2142308.0
2398656.0
2810096.0
3255432.0
3667400.0
4035044.0
4368276.0
4676856.0
4993188.0
5400320.0
5998308.0
6805060.0
7739720.0
8514344.0
8918208.0
9003108.0
9030472.0
9300644.0
1.0054548E7
1.1370912E7
1.2951912E7
1.4707008E7
1.6587444E7
1.8525132E7
2.0390272E7
2.2016896E7
2.3261564E7
2.403672E7
2.4308896E7
2.4098184E7
2.3499092E7
2.2689584E7
2.188098E7
2.1213416E7
2.066708E7
2.0064956E7
1.917558E7
1.784634E7
1.6079384E7
1.4015924E7
1.186476E7
9835780.0
8119544.0
6958780.0
6255512.0
5871544.0
5581308.0
5180256.0
4590044.0
3891304.0
3254700.0
2816600.0
2594036.0
2515752.0
2474380.0
2415368.0
2426356.0
2490176.0
2540696.0
2485304.0
2304948.0
2101536.0
2030304.0
2170744.0
2457456.0
2737556.0
2896232.0
2924964.0
2869444.0
2723888.0
2437064.0
1849480.0
1067472.0
389060.0
543932.0
726872.0
730860.0
1143420.0
1158776.0
691576.0
317652.0
682080.0
795872.0
575816.0
104396.0
-137104.0
202436.0
213708.0
-5932.0
73692.0
-26240.0
-95828.0
-84040.0
53052.0
201884.0
142844.0
-227788.0
-364712.0
-71180.0
21912.0
421040.0
1123816.0
1365584.0
1988504.0
2237012.0
1705344.0
709504.0
442980.0
899128.0
978880.0
959448.0
675628.0
161588.0
-14380.0
7812.0
-204824.0
382316.0
219564.0
-42288.0
-433880.0
-343064.0
-102796.0
-105408.0
226032.0
136804.0
-57200.0
273428.0
80376.0
150164.0
568156.0
766936.0
672764.0
436908.0
233384.0
150968.0
82320.0
-182724.0
41648.0
11408.0
27700.0
466328.0
207104.0
190200.0
131752.0
-260308.0
-35640.0
8576.0
290156.0
1354008.0
1915904.0
1821260.0
1178500.0
467876.0
171452.0
99908.0
214388.0
524544.0
350604.0
-59252.0
-150896.0
-119408.0
18472.0
511100.0
674912.0
490040.0
47528.0
126352.0
221324.0
242828.0
108288.0
46160.0
64708.0
194228.0
115500.0
-50512.0
-95568.0
141196.0
308356.0
279308.0
67612.0
-412060.0
-429840.0
-291496.0
-149296.0
-71020.0
-90620.0
-196916.0
-105196.0
163780.0
264044.0
158336.0
-129444.0
75972.0
167932.0
215804.0
162380.0
-154232.0
-506128.0
228720.0
546708.0
385260.0
8668.0
-55428.0
-113460.0
496164.0
686228.0
297144.0
-371404.0
-260088.0
-190004.0
-309108.0
38468.0
21844.0
-31964.0
-168412.0
-35420.0
-282892.0
-472036.0
-244564.0
-283644.0
-321344.0
-138948.0
-128904.0
-9584.0
768900.0
1077676.0
817316.0
115972.0
-172612.0
-474648.0
-556644.0
-75288.0
-51236.0
-110820.0
-110020.0
-176408.0
-314112.0
-427600.0
-153988.0
23688.0
-22360.0
45096.0
-247156.0
-221284.0
-321976.0
-540872.0
-720032.0
-501664.0
-181676.0
-172916.0
16516.0
209284.0
72460.0
-83024.0
-78956.0
-60824.0
-316600.0
-175184.0
304932.0
378816.0
138904.0
-14068.0
478716.0
1766660.0
2855480.0
3200104.0
2605644.0
1351184.0
757816.0
559992.0
97128.0
-522952.0
-671020.0
-293368.0
-33112.0
-173544.0
285300.0
662580.0
716388.0
516696.0
748804.0
663648.0
287764.0
-108712.0
-312996.0
282980.0
735992.0
891088.0
603164.0
69984.0
-482720.0
-312388.0
-297820.0
-445084.0
-93520.0
-84768.0
-256580.0
-150940.0
-260464.0
-467996.0
31432.0
76496.0
15516.0
20384.0
-217400.0
-291712.0
-283964.0
-207948.0
-355812.0
-256252.0
-162732.0
44676.0
88328.0
-26228.0
-237340.0
-141920.0
-99056.0
-535684.0
-227040.0
-389620.0
-720776.0
-270068.0
100424.0
211124.0
204888.0
182968.0
-209580.0
-324872.0
-233252.0
-291600.0
-588568.0
-281260.0
-51772.0
-175296.0
-184712.0
28132.0
-172312.0
-608804.0
-345052.0
-439144.0
-203588.0
457332.0
841488.0
669072.0
488180.0
66376.0
387412.0
407556.0
211628.0
-32968.0
-252500.0
-56020.0
122460.0
375372.0
129996.0
-385340.0
-387544.0
-467940.0
-589256.0
-563592.0
-408356.0
-433944.0
-627864.0
-639636.0
-487044.0
-484604.0
-830900.0
-567104.0
-143828.0
-35580.0
-148224.0
85976.0
234680.0
199852.0
-12088.0
-127116.0
-414812.0
-93016.0
72384.0
-466876.0
-385140.0
-287716.0
-580136.0
-342704.0
62724.0
298232.0
155368.0
481932.0
669156.0
95196.0
-355192.0
-414844.0
-197728.0
34116.0
161852.0
-118352.0
236600.0
584004.0
478300.0
180508.0
-123264.0
-46980.0
-135576.0
-198428.0
-73512.0
-56692.0
-99612.0
248024.0
610080.0
617488.0
357972.0
-9072.0
238424.0
664104.0
675844.0
413716.0
154960.0
-149100.0
-22092.0
-206560.0
-663276.0
-836600.0
-111044.0
535008.0
675880.0
295076.0
507356.0
192076.0
188444.0
-31568.0
13836.0
-146540.0
-487112.0
-332436.0
236908.0
742516.0
959772.0
903452.0
519984.0
-243536.0
-487268.0
-481492.0
-36880.0
203828.0
79124.0
-415760.0
-302736.0
244596.0
451032.0
236940.0
-287280.0
-555404.0
-561024.0
-229948.0
183332.0
572936.0
811660.0
856416.0
915624.0
1429852.0
1350048.0
734628.0
201304.0
-138936.0
-352360.0
-284948.0
-411956.0
44372.0
368144.0
473720.0
370148.0
148316.0
-80304.0
-206572.0
-88672.0
142668.0
292720.0
342740.0
349500.0
374308.0
452996.0
607152.0
887504.0
1248548.0
1676972.0
2023764.0
2194812.0
2143784.0
1910348.0
1599312.0
1312348.0
1096756.0
998752.0
934924.0
974580.0
1148780.0
1311484.0
1270568.0
924080.0
341308.0
-241244.0
-475724.0
-653796.0
-787056.0
-441768.0
-199540.0
-389024.0
-134660.0
200896.0
481420.0
573312.0
349652.0
-211232.0
-560700.0
-616488.0
-366092.0
-379772.0
-15764.0
-22864.0
341740.0
386440.0
-2520.0
-308652.0
140184.0
33144.0
24616.0
136780.0
-185524.0
-131548.0
115680.0
-77188.0
-17276.0
319984.0
367672.0
230304.0
248848.0
436824.0
411044.0
117404.0
-359948.0
-162344.0
76544.0
-111472.0
-406360.0
-214444.0
-212224.0
-552912.0
-191376.0
191928.0
217864.0
-166328.0
-29244.0
-263932.0
-735676.0
-368284.0
-144360.0
-226196.0
-150364.0
-234152.0
-470480.0
-239248.0
-204400.0
-390284.0
-389764.0
-311092.0
-171672.0
365484.0
1017152.0
1160052.0
724160.0
-282724.0
-239420.0
299636.0
94056.0
-573644.0
-782640.0
-681360.0
-901348.0
-415136.0
-340280.0
-457388.0
-365108.0
-679744.0
-899200.0
-789944.0
-736768.0
-603656.0
97088.0
-161148.0
-147952.0
-14216.0
84864.0
159608.0
144980.0
-41080.0
1676.0
355908.0
339712.0
-103572.0
-835412.0
-701280.0
-197612.0
131476.0
159048.0
-158688.0
-409488.0
101864.0
372620.0
68180.0
-673996.0
-565008.0
-4332.0
95096.0
216700.0
660688.0
775048.0
721724.0
703332.0
771168.0
793476.0
609480.0
205824.0
-304188.0
-394092.0
-197052.0
-383184.0
-57372.0
561924.0
1073944.0
1305524.0
1227028.0
977032.0
758236.0
671540.0
638520.0
499044.0
202392.0
286324.0
350600.0
366204.0
755288.0
1215224.0
1307840.0
1042508.0
694240.0
592172.0
878596.0
1419908.0
1916920.0
2109488.0
1919512.0
1449304.0
871388.0
313416.0
325112.0
381604.0
-70760.0
-101684.0
509096.0
663476.0
349756.0
-66332.0
478336.0
963272.0
1357680.0
1776392.0
2079192.0
1973048.0
1356108.0
419344.0
-263496.0
248688.0
219244.0
234040.0
899228.0
1015760.0
435232.0
-473120.0
-348900.0
-341820.0
-337464.0
-105600.0
-257880.0
-634208.0
-259068.0
94528.0
79180.0
-256268.0
-770960.0
-860664.0
-464448.0
-344800.0
49652.0
313344.0
302264.0
-76816.0
134112.0
336684.0
583452.0
672532.0
297520.0
-260336.0
-572308.0
-279912.0
-311092.0
-280364.0
-419092.0
-550428.0
-613632.0
-115180.0
66764.0
15172.0
-170424.0
-223152.0
-3044.0
-230748.0
173400.0
236356.0
68744.0
-392276.0
-437676.0
-407496.0
-330964.0
-79536.0
-195452.0
-667648.0
-753300.0
-449240.0
204068.0
279944.0
-148152.0
-214892.0
-315624.0
-242016.0
-519056.0
-773528.0
-628460.0
-668328.0
-411820.0
-83384.0
-284856.0
-899724.0
-482476.0
-331020.0
-160720.0
-188040.0
-101000.0
66700.0
-171368.0
-328456.0
-223828.0
-391256.0
-138304.0
13784.0
-221004.0
-341500.0
-386544.0
-225336.0
-272452.0
-389132.0
-276556.0
-135436.0
-218980.0
223508.0
384676.0
535412.0
266528.0
-112836.0
-376520.0
-360884.0
-489880.0
-539592.0
-530212.0
-599320.0
-631408.0
-550636.0
-434064.0
-29292.0
-47360.0
300568.0
501452.0
422868.0
166552.0
-170244.0
-159116.0
11108.0
-150920.0
-96468.0
-13860.0
36128.0
182348.0
347812.0
344368.0
292360.0
605704.0
478628.0
-28000.0
201444.0
103720.0
407908.0
779292.0
948312.0
893920.0
722260.0
552756.0
422664.0
297636.0
156896.0
47000.0
46888.0
193220.0
453476.0
768512.0
1102848.0
1440840.0
1743400.0
1935360.0
1958096.0
1837588.0
1686028.0
1617100.0
1647440.0
1680560.0
1597356.0
1378252.0
1160764.0
1156972.0
1462608.0
1997704.0
2520032.0
2844788.0
2792684.0
2326428.0
1605156.0
876288.0
378368.0
247008.0
466148.0
871552.0
1218328.0
1293504.0
1081032.0
599300.0
5228.0
-428356.0
-171336.0
117248.0
131500.0
522448.0
740640.0
687236.0
382352.0
96432.0
-3188.0
96008.0
171232.0
313348.0
355392.0
1115352.0
1287316.0
822652.0
86340.0
-270400.0
519280.0
1188492.0
1266452.0
721560.0
251820.0
103108.0
-34356.0
-204240.0
-547060.0
-504576.0
-237380.0
-213792.0
-264716.0
-86800.0
17404.0
-195224.0
-108448.0
-5412.0
-26132.0
125120.0
190480.0
158644.0
202676.0
99824.0
-132320.0
-196612.0
-141456.0
-295388.0
-485596.0
-521452.0
-610268.0
-617164.0
-614264.0
-142260.0
186612.0
129160.0
-300900.0
-154556.0
-74684.0
-438864.0
-833028.0
