# File created = Tuesday, December 10, 2024 2:29:16 PM CET
# Data set = 20241206_parallelHSQC  84  996  D:\Topspin\examdata
# Spectral Region:
# LEFT = 150.0 ppm. RIGHT = -0.006063719625899466 ppm.
#
# SIZE = 1024 ( = number of points)
#
# In the following ordering is from the 'left' to the 'right' limits!
# Lines beginning with '#' must be considered as comment lines.
#
1.0312724E7
8996672.0
8951068.0
1.3955716E7
1.6180988E7
1.5569596E7
1.2879848E7
8692424.0
3958948.0
1001408.0
1386056.0
1724040.0
1790372.0
1419912.0
593664.0
-412764.0
300592.0
933092.0
1301264.0
1345208.0
1050272.0
1339436.0
1809200.0
2023648.0
1947424.0
1596224.0
1047216.0
335684.0
-443184.0
-363528.0
-420952.0
-620864.0
-948760.0
-928096.0
-535416.0
-418004.0
-616344.0
-1112536.0
-1412364.0
-489244.0
713176.0
1837620.0
2958368.0
3806136.0
4283084.0
4371184.0
4082344.0
3455332.0
2550456.0
1441788.0
207472.0
-1079956.0
-984168.0
-689068.0
-380116.0
-181080.0
-110752.0
-166756.0
-331900.0
-581900.0
-875768.0
-1160364.0
-1276692.0
-1119824.0
-834256.0
-766472.0
-605468.0
-108260.0
154688.0
129548.0
-182932.0
-586480.0
-396972.0
95772.0
389940.0
427824.0
227340.0
-27020.0
-385472.0
-418180.0
-352164.0
-497012.0
-673628.0
-666160.0
-758148.0
-963812.0
-1105860.0
-1132836.0
-1204136.0
-1219620.0
-1010292.0
-836632.0
-689344.0
-665712.0
-883244.0
-1118848.0
-1289828.0
-897860.0
-559260.0
-366096.0
-384936.0
360880.0
1179480.0
1956312.0
2543756.0
2815728.0
2757452.0
2404232.0
1832584.0
1142916.0
438788.0
-191752.0
-688356.0
-686888.0
-641012.0
-771364.0
-639428.0
-677600.0
-524872.0
-416168.0
-360740.0
-344332.0
-294160.0
-304088.0
-360640.0
-429052.0
-506672.0
-420780.0
-155584.0
228368.0
698152.0
1299032.0
1814812.0
2142516.0
2221372.0
2146588.0
1932420.0
1571560.0
1133960.0
700500.0
459496.0
332904.0
295840.0
323932.0
352476.0
290252.0
44052.0
-452420.0
-648408.0
-391600.0
-316960.0
-420364.0
-569084.0
-595944.0
-506164.0
-494048.0
-96116.0
111872.0
185072.0
177384.0
61140.0
65316.0
-137520.0
-551120.0
-1115060.0
-965428.0
-978560.0
-877928.0
-694172.0
-666060.0
-608836.0
-635104.0
-747772.0
-797020.0
-549092.0
-462916.0
-539368.0
-795488.0
-966972.0
-604556.0
-349440.0
-268900.0
-406580.0
-724444.0
-1099392.0
-1040740.0
-872056.0
-794348.0
-681932.0
-328792.0
-148980.0
-141228.0
-195824.0
-202176.0
-390564.0
-346340.0
-472472.0
-803548.0
-856608.0
-413732.0
-57228.0
211096.0
356916.0
318808.0
88212.0
-257124.0
-569000.0
-586088.0
-522384.0
-560128.0
-678628.0
-776364.0
-837760.0
-793176.0
-382984.0
211480.0
560428.0
672988.0
602800.0
795276.0
1663368.0
2631540.0
3669448.0
4729776.0
5758072.0
6703024.0
7521708.0
8353648.0
9005716.0
9404820.0
9493364.0
9232392.0
8631208.0
7768000.0
6786300.0
5861856.0
5149412.0
4731164.0
4661492.0
4765632.0
4894864.0
4949096.0
4878728.0
4685156.0
4393752.0
4019528.0
3551808.0
2973972.0
2311248.0
1676248.0
1273736.0
1341552.0
2040300.0
3342496.0
4989620.0
6565752.0
7680956.0
8189040.0
8320076.0
8620952.0
9677836.0
1.1717628E7
1.4296E7
1.6314332E7
1.6523624E7
1.447838E7
1.1659796E7
1.2298824E7
2.3397452E7
5.3624368E7
1.19452052E8
2.28606596E8
3.90827808E8
5.90158208E8
8.154544E8
1.029408312E9
1.200384028E9
1.301034728E9
1.314612044E9
1.23895426E9
1.086997024E9
8.83659624E8
6.61407252E8
4.53838472E8
2.77668168E8
1.4616242E8
6.3443288E7
2.2880496E7
1.5810716E7
1.4730188E7
1.5111172E7
1.7528176E7
1.8287116E7
1.6212616E7
1.3037732E7
1.0449572E7
9312684.0
9633836.0
1.0492392E7
1.1150156E7
1.1143448E7
1.0394256E7
9127156.0
7673572.0
6286724.0
5169460.0
4422832.0
3727456.0
3196392.0
2747548.0
2402048.0
2335188.0
2370196.0
2499988.0
2600584.0
2529980.0
2352684.0
1956316.0
1377044.0
683440.0
-45088.0
-146864.0
-84968.0
-99344.0
-167968.0
-275456.0
-250476.0
-106716.0
-66396.0
-124744.0
346164.0
801648.0
1197220.0
1497368.0
1680336.0
1738884.0
1678408.0
1514192.0
1268916.0
970252.0
659584.0
399204.0
137864.0
-103692.0
-310220.0
-393368.0
5904.0
410440.0
792720.0
1137500.0
1434712.0
1698640.0
2082724.0
2402588.0
2704692.0
2784024.0
2727424.0
2410716.0
1910196.0
1442424.0
1004248.0
649676.0
437740.0
436676.0
758508.0
1114916.0
1419236.0
1617148.0
1697116.0
1704008.0
1768476.0
1864336.0
2121808.0
2563160.0
2967220.0
3287828.0
3489940.0
3577128.0
3545728.0
3324464.0
3097180.0
2864508.0
2677384.0
2570252.0
2549752.0
2589532.0
2633756.0
2609632.0
2446264.0
2094800.0
1543972.0
1797148.0
1861416.0
1644436.0
1171692.0
505520.0
-266116.0
-136848.0
-95284.0
-293828.0
-251740.0
-121652.0
-183520.0
-446040.0
-221912.0
-144616.0
-50392.0
772872.0
1628308.0
2175592.0
2357068.0
2163868.0
1639292.0
1125328.0
1094876.0
803032.0
274868.0
-412780.0
-578460.0
-891520.0
-729860.0
-669436.0
-791944.0
-1076236.0
-1263308.0
-1002712.0
-753556.0
-607488.0
-614968.0
-751348.0
-783544.0
-876900.0
-1173984.0
-1214784.0
-1093380.0
-934408.0
-215060.0
471752.0
1247828.0
1798736.0
2082832.0
2089120.0
1829620.0
1332372.0
637300.0
-205244.0
-731696.0
-1016616.0
-909580.0
-692472.0
-764508.0
-721712.0
-556232.0
-461420.0
-434732.0
-599384.0
-686888.0
-830864.0
-780928.0
-676852.0
-833540.0
-821968.0
-324612.0
139296.0
739444.0
1308560.0
1977444.0
2511108.0
2989320.0
3315408.0
3256040.0
2995144.0
2404084.0
1385052.0
16320.0
-746196.0
-726936.0
-853808.0
-1025052.0
-783076.0
-574308.0
-634940.0
-745604.0
-769156.0
-859192.0
-788040.0
-875416.0
-1101080.0
-1304104.0
-1271720.0
-1196664.0
-581300.0
47384.0
696812.0
1163908.0
1408088.0
1415924.0
1285508.0
1018628.0
508668.0
-165432.0
-945168.0
-982232.0
-941500.0
-765140.0
-692752.0
-748984.0
-638456.0
-77960.0
295448.0
384796.0
173788.0
-303112.0
-734096.0
-991072.0
-790092.0
-725576.0
-772312.0
-885760.0
-1034180.0
-885560.0
-379480.0
-166456.0
-372096.0
-1037856.0
-1008356.0
-932068.0
-938388.0
-1002560.0
-614788.0
-241248.0
-139652.0
-299152.0
-511976.0
-635616.0
-835668.0
-1070944.0
-1385092.0
-1359564.0
-1141692.0
-1207576.0
-906476.0
35836.0
710812.0
1056972.0
1054060.0
735096.0
247928.0
-235216.0
-457020.0
-637748.0
-876168.0
-979908.0
-781972.0
-615840.0
-541344.0
-531684.0
-515324.0
-508332.0
-538024.0
-603168.0
-712388.0
-637732.0
-15112.0
448184.0
671208.0
646920.0
202908.0
-515404.0
-775412.0
-652376.0
-798448.0
-983604.0
-840680.0
-809288.0
-760668.0
-573048.0
-503988.0
-580880.0
-790616.0
-855936.0
-856616.0
-898232.0
-982208.0
-1113068.0
-1288860.0
-527096.0
-147680.0
-237196.0
-647968.0
-634672.0
-590364.0
-687892.0
-811576.0
-971764.0
-1025628.0
-981512.0
-868072.0
-896896.0
-466404.0
-183516.0
-65260.0
-109344.0
-163008.0
-361404.0
-225176.0
522872.0
941708.0
883672.0
313976.0
-651668.0
-1196944.0
-1039772.0
-911216.0
-823332.0
-784652.0
-728360.0
-699576.0
-649424.0
-525444.0
-526980.0
-663816.0
-398740.0
-173596.0
188456.0
354988.0
484492.0
478012.0
345060.0
115164.0
-224944.0
-442176.0
-734076.0
-655268.0
-568756.0
-677380.0
-991368.0
-701120.0
-112228.0
740932.0
1889552.0
3681728.0
5344616.0
6167832.0
6057624.0
5093920.0
3795760.0
2226420.0
974700.0
1335268.0
1746504.0
1835244.0
1610692.0
1127496.0
469536.0
-269816.0
-47592.0
682036.0
1428756.0
2138160.0
2741612.0
3158460.0
3308404.0
3130472.0
2718108.0
1929916.0
818872.0
-502108.0
-633272.0
-682372.0
-585580.0
-600752.0
-623440.0
-689764.0
-560388.0
-398108.0
-338260.0
-197972.0
1015996.0
1897520.0
2207072.0
1897772.0
1234048.0
356828.0
-327336.0
-599200.0
-834616.0
-730036.0
-589840.0
-418896.0
-277980.0
-137788.0
461328.0
993676.0
1160932.0
945760.0
420540.0
-273680.0
-487128.0
-618344.0
-910796.0
-791244.0
-689508.0
-626052.0
-499004.0
-409452.0
-290808.0
-199132.0
-240828.0
-392820.0
-183084.0
56620.0
477948.0
882412.0
1216548.0
1402184.0
1364168.0
1060512.0
505180.0
-224464.0
-716252.0
-713264.0
-564944.0
-186292.0
578420.0
1674000.0
3046444.0
4576084.0
6089724.0
7395640.0
8340952.0
8879108.0
9123852.0
9360924.0
9994668.0
1.1425672E7
1.3882128E7
1.7253164E7
2.0985768E7
2.4099452E7
2.5343492E7
2.347718E7
1.7608356E7
1.0186096E7
8837324.0
6156112.0
2802212.0
2305744.0
1791772.0
2153256.0
2647716.0
2888388.0
2714384.0
2290840.0
2208608.0
2134336.0
1997248.0
1673900.0
1206908.0
631848.0
-16888.0
-420700.0
-357156.0
-195504.0
-233960.0
-187760.0
485292.0
797152.0
731704.0
331636.0
-310272.0
-350576.0
-537700.0
-633152.0
-671704.0
-405300.0
-166912.0
68984.0
326760.0
620044.0
1046108.0
1383316.0
1508936.0
1606452.0
1792056.0
2029888.0
1629512.0
1277432.0
1976572.0
2401028.0
2467544.0
2156992.0
1517340.0
1347568.0
1194768.0
1368664.0
1408720.0
1295660.0
1127144.0
893316.0
588496.0
217652.0
-204048.0
-645684.0
-834904.0
-461388.0
-269476.0
-319344.0
-598164.0
-404412.0
-365052.0
-512444.0
-256212.0
-127300.0
548180.0
791508.0
218132.0
-163604.0
-152464.0
-304516.0
-557448.0
-622128.0
-532952.0
-603928.0
-497972.0
-100176.0
94352.0
25012.0
144444.0
224076.0
162884.0
5232.0
-209104.0
-485952.0
-451344.0
-130520.0
-157512.0
-556764.0
-691028.0
-704524.0
-903460.0
-858476.0
-766072.0
-323476.0
-51932.0
-185168.0
-720044.0
-908320.0
-981016.0
-872124.0
-692856.0
89800.0
670152.0
1014160.0
1123196.0
1019020.0
770444.0
522580.0
137488.0
-44784.0
-512420.0
-674696.0
-309800.0
124360.0
331296.0
310920.0
413140.0
414624.0
162664.0
-282836.0
-638608.0
-277892.0
105372.0
446788.0
770396.0
1070636.0
1423964.0
1731192.0
1841616.0
1680916.0
1435952.0
894484.0
136036.0
-681292.0
-739444.0
-708952.0
-859340.0
-1102900.0
-1059316.0
-375028.0
468892.0
1027764.0
1117588.0
641108.0
-232948.0
-651460.0
-783704.0
-708884.0
-592116.0
-670408.0
-525792.0
-45732.0
238476.0
256364.0
-30020.0
-613692.0
-926052.0
-391180.0
-255484.0
-484664.0
-1007320.0
-1025080.0
-1111192.0
-1158524.0
-880388.0
-596292.0
-399784.0
-323384.0
-209896.0
-182520.0
-441904.0
-659040.0
-559188.0
-520036.0
-353992.0
-405864.0
-386336.0
-255268.0
-452640.0
-182364.0
-42144.0
-159940.0
-365292.0
-457088.0
-396112.0
-411548.0
-482168.0
-681700.0
-939848.0
-987940.0
-834380.0
-772388.0
-854880.0
-1141180.0
-1141452.0
-391348.0
53020.0
101056.0
-258960.0
-951776.0
-981428.0
-1057200.0
-986848.0
-711244.0
-577524.0
-544472.0
-427516.0
-449772.0
-602496.0
-872216.0
-113544.0
635664.0
1212348.0
1501044.0
1405412.0
876996.0
127964.0
-138672.0
-300808.0
-556116.0
-452608.0
-451232.0
-634656.0
-830036.0
-432120.0
-186580.0
-121828.0
-255288.0
-316388.0
-145904.0
-3568.0
63732.0
-64352.0
-239016.0
72020.0
171644.0
221488.0
279888.0
348328.0
366732.0
307352.0
261736.0
436280.0
758108.0
1103612.0
1437032.0
1724576.0
1940396.0
2068272.0
2137856.0
2843324.0
3573104.0
4305524.0
5059308.0
5911448.0
7335812.0
8978512.0
1.0568268E7
1.1861976E7
1.2582236E7
1.2540864E7
1.1671816E7
1.5592692E7
1.9729708E7
2.2400272E7
2.327552E7
2.2297668E7
1.9679596E7
1.5897228E7
1.6725268E7
1.785668E7
1.7484284E7
1.5392336E7
1.3036724E7
