# File created = Tuesday, December 10, 2024 2:29:03 PM CET
# Data set = 20241206_parallelHSQC  82  996  D:\Topspin\examdata
# Spectral Region:
# LEFT = 150.0 ppm. RIGHT = -0.006063719625899466 ppm.
#
# SIZE = 1024 ( = number of points)
#
# In the following ordering is from the 'left' to the 'right' limits!
# Lines beginning with '#' must be considered as comment lines.
#
2856356.0
3550854.0
3615942.0
3391168.0
3025858.0
2850912.0
2872112.0
3096450.0
3315940.0
3258212.0
3508326.0
3632340.0
3146698.0
2181066.0
1288900.0
1465774.0
919034.0
-126780.0
-248960.0
-333994.0
-90486.0
146494.0
270098.0
194872.0
207632.0
130262.0
-42468.0
-146114.0
164412.0
600228.0
898988.0
993848.0
846772.0
454294.0
126638.0
3080.0
-285758.0
-442192.0
-530672.0
-128526.0
141642.0
247904.0
182550.0
224708.0
122582.0
-124586.0
-451594.0
-728716.0
-757832.0
197892.0
901062.0
1343168.0
1552174.0
1407166.0
1085542.0
517558.0
-233982.0
-433154.0
-319162.0
-301214.0
-284066.0
-273526.0
-131398.0
-113486.0
-227598.0
115008.0
577642.0
545454.0
-6326.0
-533550.0
-348268.0
-334218.0
-654544.0
-1095380.0
-690450.0
-372890.0
64406.0
560122.0
670460.0
438974.0
-39568.0
-336390.0
-315688.0
-269022.0
-280396.0
-320714.0
-76614.0
-78124.0
-308028.0
-740778.0
-1168384.0
-654404.0
-119588.0
59598.0
-134126.0
-568874.0
-423132.0
-365938.0
-464676.0
-726382.0
-1212058.0
-930762.0
-659150.0
-451256.0
-447598.0
-670968.0
-651468.0
-388234.0
-32444.0
175046.0
236656.0
271192.0
113934.0
-222026.0
-520426.0
-748436.0
-914594.0
-1164220.0
-1516404.0
-1833636.0
-1432122.0
-1182616.0
-1099778.0
-1177292.0
-1231922.0
-724262.0
-277538.0
-21628.0
-9476.0
-266146.0
155168.0
536092.0
773102.0
824572.0
727264.0
531532.0
283850.0
-22056.0
-367622.0
-747464.0
-1081574.0
-1265868.0
-616196.0
-109230.0
114486.0
-46188.0
-627800.0
-718118.0
-528728.0
-376740.0
-329312.0
-331638.0
-338350.0
-51152.0
231328.0
384300.0
421348.0
472730.0
621522.0
716704.0
723884.0
621574.0
425330.0
86806.0
-325692.0
-158146.0
89080.0
460620.0
780166.0
1004280.0
1110790.0
1124682.0
1296032.0
1640234.0
1978424.0
2295092.0
2474808.0
2530846.0
2582316.0
2539508.0
2457240.0
2335482.0
2163060.0
1854344.0
1421990.0
781658.0
200492.0
-375388.0
-662746.0
-793174.0
-607294.0
-337244.0
50600.0
629582.0
1261728.0
1834552.0
2285984.0
2588966.0
2733526.0
2722756.0
2568708.0
2289314.0
2005052.0
1718076.0
1371224.0
1025020.0
584972.0
48410.0
-385958.0
35128.0
668142.0
1371052.0
2061284.0
2664388.0
3128414.0
3432706.0
3596316.0
3791964.0
3981370.0
4311800.0
4670230.0
4984878.0
5235134.0
5430936.0
5563112.0
5632170.0
5643248.0
5670122.0
5657602.0
5603844.0
5529998.0
5464782.0
5439626.0
5481138.0
5602936.0
6071538.0
6800368.0
7320428.0
7523868.0
7519746.0
7297558.0
6985072.0
7034278.0
7095252.0
7188174.0
7324878.0
7618078.0
8168806.0
8873802.0
9723944.0
1.0696344E7
1.1750364E7
1.2829166E7
1.3870796E7
1.4827718E7
1.5687174E7
1.6480902E7
1.7281764E7
1.8181574E7
1.9154598E7
2.0177658E7
2.1213022E7
2.2218792E7
2.3221314E7
2.4467116E7
2.6437466E7
2.9781752E7
3.5130806E7
4.2855392E7
5.2691444E7
6.355073E7
1.2634584E8
2.16244472E8
3.2503056E8
4.41607558E8
5.50935252E8
6.36875046E8
6.85653036E8
6.89475618E8
6.5208092E8
5.7461891E8
4.69621122E8
3.52978182E8
2.40452506E8
1.5113286E8
8.9456826E7
6.2836184E7
5.3355576E7
4.5108664E7
3.869666E7
3.4122134E7
3.1002284E7
2.8810132E7
2.7068408E7
2.5455752E7
2.3824054E7
2.2154914E7
2.0494408E7
1.8898976E7
1.740842E7
1.6044356E7
1.4821414E7
1.375696E7
1.2871204E7
1.217803E7
1.1673266E7
1.1328086E7
1.1091816E7
1.0902918E7
1.0702814E7
1.0446474E7
1.0197718E7
9817460.0
9271422.0
8562992.0
7775342.0
6986280.0
6165770.0
5364712.0
4744650.0
4222822.0
3833314.0
3604600.0
3539304.0
3618680.0
3873106.0
4162998.0
4423340.0
4639470.0
4711240.0
4599388.0
4280862.0
3750496.0
3027478.0
2184296.0
1353100.0
568380.0
-82056.0
-86322.0
490902.0
1055968.0
1526004.0
1823144.0
1887036.0
1685146.0
2162518.0
2710386.0
3003338.0
3015850.0
2770084.0
2331128.0
1922462.0
1915636.0
1801098.0
1590882.0
1308142.0
1348114.0
1603442.0
1883246.0
2126106.0
2279864.0
2312140.0
2214966.0
2558300.0
2694190.0
2404998.0
1695390.0
707010.0
664606.0
825702.0
869122.0
801106.0
666714.0
458722.0
236490.0
255830.0
207248.0
107378.0
38.0
-160926.0
-504178.0
-782622.0
-911514.0
-884190.0
-524158.0
-53598.0
436304.0
1002110.0
1508820.0
1908796.0
2178232.0
2316988.0
2342690.0
2281650.0
2159680.0
2052912.0
1964728.0
1824866.0
1916014.0
2544294.0
3249584.0
3631262.0
3583268.0
3157208.0
2186712.0
782654.0
-375508.0
84262.0
430240.0
678786.0
707808.0
495760.0
104466.0
-142182.0
60338.0
-18924.0
-382980.0
-163872.0
-142172.0
-343612.0
-27598.0
80858.0
-7556.0
-255504.0
-597198.0
-802002.0
-439834.0
-28748.0
397396.0
784512.0
1070336.0
1198570.0
1131150.0
855804.0
387796.0
-206544.0
-576276.0
-935708.0
-916964.0
-956310.0
-1070664.0
-789350.0
-321864.0
229818.0
557992.0
606422.0
367224.0
-114202.0
-467006.0
-560476.0
-331248.0
-100808.0
76846.0
156616.0
118562.0
57924.0
68206.0
425314.0
534510.0
368360.0
13436.0
-523102.0
-1032710.0
-1011622.0
-892224.0
-971522.0
-1244390.0
-1280696.0
-1072892.0
-813880.0
-677420.0
-693596.0
-880512.0
-1206330.0
-774048.0
-381410.0
-290652.0
-430772.0
-602146.0
-472072.0
-544660.0
-904224.0
-1053386.0
-941656.0
-623178.0
-335834.0
-311360.0
-591020.0
-733730.0
-889526.0
-845752.0
-791572.0
-731038.0
-515172.0
340394.0
990382.0
1331378.0
1309082.0
933074.0
276148.0
-542182.0
-1143126.0
-804804.0
-451354.0
-220192.0
-137302.0
-215640.0
-398406.0
-606368.0
-471294.0
-235472.0
-123594.0
-130816.0
34892.0
510184.0
933694.0
1180438.0
1150626.0
772084.0
23190.0
-333144.0
-247304.0
-286704.0
-456236.0
-751480.0
-655238.0
-236656.0
-176868.0
815274.0
1860692.0
2718930.0
3288794.0
3490322.0
3285522.0
2691844.0
1783498.0
678896.0
-483270.0
-530224.0
-686390.0
-416490.0
-152746.0
-38590.0
-81058.0
-193344.0
176780.0
573126.0
783458.0
797432.0
634778.0
339240.0
-33084.0
-427712.0
-381092.0
-217242.0
-292866.0
-583736.0
-607376.0
-356874.0
28586.0
135006.0
-54172.0
-335358.0
-66812.0
-30874.0
-134806.0
-384014.0
-388746.0
-485130.0
-428084.0
-278592.0
-284746.0
-273912.0
-405786.0
-533728.0
-310522.0
-145928.0
-168540.0
-383708.0
-779014.0
-1323742.0
-1269178.0
-1015138.0
-434226.0
261532.0
908544.0
1255372.0
1239302.0
847732.0
119586.0
-243502.0
37078.0
76096.0
29310.0
-273116.0
-431828.0
-215182.0
14836.0
274370.0
474212.0
499788.0
330456.0
-14314.0
-2718.0
-262.0
-127748.0
-298690.0
43814.0
276878.0
340176.0
246314.0
537480.0
898018.0
979218.0
745778.0
218818.0
-418326.0
-576954.0
-458348.0
-484528.0
-435054.0
-115110.0
34344.0
96706.0
-43154.0
-401964.0
-235592.0
-65916.0
-43572.0
-163682.0
-455390.0
-644158.0
-597556.0
-204160.0
33580.0
195174.0
214528.0
598336.0
698332.0
494670.0
13354.0
81868.0
81740.0
463486.0
964938.0
1184698.0
1159220.0
1232120.0
1663398.0
1802320.0
1554248.0
1339862.0
1066144.0
434472.0
-105614.0
-155860.0
-250710.0
-355586.0
-189694.0
-133788.0
225686.0
575270.0
659992.0
497958.0
136912.0
1600.0
171020.0
542396.0
690552.0
671066.0
531542.0
460928.0
421114.0
433012.0
481764.0
490654.0
428536.0
274400.0
50920.0
-212968.0
185262.0
433210.0
521532.0
457410.0
259206.0
6.0
-286552.0
-648084.0
-791010.0
-833072.0
-458998.0
-286090.0
-339980.0
-600986.0
-578714.0
-610588.0
-411582.0
-294794.0
-274346.0
329738.0
925346.0
1191418.0
1075100.0
729462.0
754040.0
532964.0
137158.0
-417084.0
-484810.0
-187588.0
172184.0
449436.0
580438.0
540660.0
353362.0
408106.0
383372.0
29032.0
-464416.0
-428744.0
-55750.0
230164.0
186004.0
-10346.0
-260534.0
-412938.0
-197920.0
-151486.0
-245288.0
-370404.0
-596830.0
-299788.0
-171320.0
-112526.0
-69264.0
-152886.0
-357540.0
-36806.0
350148.0
455720.0
284474.0
27634.0
141130.0
28312.0
360576.0
2681848.0
5229888.0
7225606.0
8406224.0
8648548.0
7991708.0
6619244.0
4806458.0
2849826.0
1000102.0
-51036.0
-473344.0
-772118.0
-714834.0
-493404.0
-352640.0
-272104.0
-245236.0
-43318.0
-56550.0
16870.0
-115956.0
-338592.0
-671270.0
-476426.0
-372338.0
-318936.0
-53672.0
118218.0
128964.0
-5706.0
-266736.0
-628910.0
-681456.0
-437002.0
-335924.0
4414.0
117022.0
60946.0
310972.0
871922.0
1638266.0
2477210.0
3273458.0
3887592.0
4184566.0
4116664.0
3740890.0
2949830.0
1843660.0
2095368.0
2648212.0
2824428.0
2657182.0
2218022.0
1598098.0
888338.0
163784.0
-313162.0
-582666.0
-516860.0
-342692.0
246332.0
670608.0
885510.0
881160.0
679626.0
327048.0
23276.0
-148144.0
-145786.0
-386016.0
-309262.0
101424.0
986392.0
1671646.0
2049004.0
2039270.0
1606934.0
768436.0
-122596.0
-383254.0
-710260.0
-925916.0
-840044.0
-868978.0
-1054790.0
-1277808.0
-1239482.0
-796266.0
-577100.0
-781186.0
-693388.0
-405890.0
-248278.0
-61838.0
154818.0
282000.0
253700.0
186890.0
453060.0
570884.0
890612.0
968000.0
754638.0
311200.0
-295360.0
-526018.0
-253016.0
-70322.0
-113832.0
-320320.0
-270722.0
-169960.0
-214956.0
-295626.0
216808.0
536200.0
646710.0
560186.0
309586.0
338030.0
440852.0
358476.0
33112.0
-387190.0
-338438.0
1330.0
142084.0
118376.0
22726.0
-162058.0
-114546.0
150020.0
515410.0
666320.0
540022.0
108758.0
-557542.0
-681604.0
-395196.0
-218592.0
-216648.0
-379992.0
-339862.0
-440512.0
-659902.0
-763236.0
-753966.0
-705820.0
-710768.0
-707436.0
-744316.0
-412164.0
406438.0
1093172.0
1526626.0
1668664.0
1532860.0
1177016.0
683466.0
315156.0
50408.0
-250570.0
-237418.0
-269398.0
-372228.0
-500002.0
-329254.0
-312444.0
-356262.0
-35998.0
140932.0
140656.0
-23754.0
-232980.0
-597678.0
-547246.0
-700106.0
-660930.0
-719810.0
-481790.0
-42328.0
158800.0
141330.0
-81164.0
-357330.0
-454722.0
-601026.0
-179048.0
286214.0
641350.0
886852.0
1028368.0
1094428.0
1072966.0
891898.0
534456.0
-3254.0
-620800.0
-782586.0
-560558.0
-208166.0
-131428.0
-86272.0
254632.0
228154.0
328246.0
417054.0
414298.0
236382.0
463322.0
626880.0
616980.0
356644.0
-86600.0
-490588.0
-338034.0
-236148.0
-354882.0
-404586.0
-475744.0
-227538.0
-85750.0
-288784.0
-22224.0
167676.0
286142.0
336610.0
316748.0
217936.0
28370.0
-129328.0
310142.0
602024.0
708768.0
601692.0
306854.0
-56558.0
-431032.0
-702524.0
-801158.0
-738120.0
-635300.0
-546856.0
-402600.0
-286662.0
-371864.0
-357612.0
-279206.0
-262262.0
-256036.0
-267890.0
-170884.0
125678.0
684988.0
1340288.0
1987118.0
2607266.0
3212514.0
3831026.0
4481638.0
5146384.0
5753516.0
6282758.0
6617652.0
7291774.0
7366768.0
6665892.0
5167314.0
3033022.0
2174078.0
2436646.0
2493304.0
3100730.0
3278462.0
3595984.0
3978406.0
3635778.0
