# File created = Tuesday, December 10, 2024 2:09:50 PM CET
# Data set = 20241206_parallelHSQC  80  995  D:\Topspin\examdata
# Spectral Region:
# LEFT = 10.0 ppm. RIGHT = 0.0025768440324949182 ppm.
#
# SIZE = 2048 ( = number of points)
#
# In the following ordering is from the 'left' to the 'right' limits!
# Lines beginning with '#' must be considered as comment lines.
#
-826268.0
-981712.0
-1000560.0
-682844.0
-655400.0
-716820.0
-497524.0
-580712.0
-890372.0
-984888.0
-1027176.0
-983680.0
-853508.0
-683572.0
-632432.0
-685376.0
-730656.0
-565904.0
-231244.0
284624.0
500660.0
177140.0
-87424.0
-183868.0
-484996.0
-551592.0
-281136.0
-182980.0
-282764.0
-414240.0
-72056.0
-213236.0
102740.0
-119204.0
61180.0
247540.0
190428.0
561104.0
740424.0
618832.0
756056.0
230028.0
-97140.0
145392.0
638064.0
480424.0
359148.0
23032.0
200680.0
376496.0
280744.0
522540.0
869536.0
824532.0
489036.0
155136.0
-526352.0
-376272.0
-419764.0
-469528.0
-203480.0
-44324.0
-108676.0
-116832.0
9376.0
157392.0
32220.0
167652.0
313464.0
-45964.0
-174724.0
-268976.0
-245988.0
-194864.0
-99324.0
-162240.0
83080.0
508500.0
1106016.0
1276008.0
782020.0
674692.0
559588.0
196052.0
187848.0
339892.0
531064.0
819268.0
912500.0
1546012.0
1672564.0
1424004.0
1105540.0
835880.0
404988.0
-66340.0
-333532.0
-612556.0
-826792.0
-390664.0
-167520.0
-184540.0
1075232.0
1621344.0
1228760.0
213540.0
154244.0
287460.0
341616.0
40088.0
-56828.0
-18632.0
302536.0
426028.0
529376.0
795608.0
1232112.0
1633412.0
1749628.0
1554592.0
1108648.0
608824.0
170596.0
-236172.0
-272396.0
-513900.0
-494444.0
-245660.0
-180068.0
37580.0
104624.0
-299856.0
-425820.0
-296024.0
-354672.0
-327800.0
-215140.0
10280.0
212640.0
118828.0
114468.0
-53192.0
236292.0
473216.0
424460.0
158708.0
31188.0
-60420.0
-375852.0
-763040.0
-779300.0
-474508.0
-528236.0
114576.0
991232.0
1262992.0
895828.0
463108.0
275340.0
206200.0
-211860.0
121828.0
166684.0
382200.0
666372.0
1100832.0
1127284.0
657512.0
172712.0
36916.0
-441504.0
-112548.0
-142704.0
372956.0
228460.0
-348564.0
-349728.0
-318264.0
-191104.0
40652.0
168588.0
88240.0
-333160.0
-133012.0
-127260.0
-560648.0
-76300.0
-76236.0
-232764.0
-150200.0
559468.0
541684.0
-33176.0
-304932.0
-386500.0
-322804.0
-230216.0
-158028.0
-44876.0
158760.0
-165008.0
-272472.0
-318552.0
-90660.0
-339564.0
-445088.0
-43696.0
376748.0
748376.0
1031024.0
1162664.0
1040760.0
578828.0
-194204.0
-648496.0
-621488.0
-687024.0
-197792.0
-186720.0
-460776.0
132476.0
283488.0
-125612.0
-695116.0
-360680.0
244156.0
75176.0
346600.0
389224.0
363700.0
332528.0
39800.0
-422028.0
-425436.0
103956.0
369220.0
190296.0
585196.0
594500.0
714960.0
509700.0
555976.0
617248.0
675592.0
808756.0
936764.0
980760.0
921688.0
845540.0
699560.0
571536.0
486460.0
484840.0
356808.0
71032.0
-318212.0
-303740.0
-307324.0
-535056.0
-638084.0
-810404.0
-649008.0
-782688.0
-705948.0
-766772.0
-503412.0
-549344.0
-516772.0
77012.0
112660.0
-473736.0
-791608.0
-702756.0
-796844.0
-989792.0
-271156.0
60836.0
26156.0
982892.0
1678476.0
2278948.0
2369620.0
1675668.0
524852.0
66296.0
-81172.0
-118096.0
87176.0
618376.0
762264.0
458316.0
-125488.0
-676152.0
-905576.0
-812812.0
-517472.0
-429216.0
-457192.0
-5472.0
196176.0
117372.0
-179980.0
-418004.0
-457508.0
-798908.0
-975424.0
-951628.0
-366724.0
51000.0
240792.0
181564.0
372292.0
420056.0
188852.0
-242956.0
-687860.0
-528788.0
-446572.0
-386828.0
-375092.0
-301420.0
-142676.0
-273968.0
-610380.0
-1057388.0
-788328.0
-728524.0
-852404.0
-976368.0
-820556.0
-454436.0
-542708.0
-858440.0
-317248.0
188756.0
359032.0
260184.0
-1488.0
-223284.0
-375580.0
-309376.0
-16660.0
247988.0
218280.0
-117040.0
-594164.0
-830496.0
-748180.0
-615828.0
-599016.0
-727228.0
-764768.0
-712204.0
-300932.0
-230044.0
-600296.0
-683736.0
-647060.0
-616432.0
-110984.0
163968.0
136912.0
120216.0
699512.0
405596.0
-524140.0
-656984.0
-478492.0
-588748.0
-864420.0
-879200.0
-963728.0
-640772.0
-302776.0
36420.0
289096.0
335772.0
90576.0
-421076.0
-679384.0
-711992.0
-875564.0
-1110120.0
-870176.0
-243168.0
55664.0
-55936.0
-225660.0
-341372.0
-904424.0
-952084.0
-719012.0
-920748.0
-518892.0
102640.0
814280.0
1376232.0
1567688.0
1312764.0
816472.0
240616.0
-243848.0
-436644.0
-355760.0
-88564.0
232196.0
569676.0
966320.0
1404076.0
1807944.0
1989548.0
1758368.0
1098668.0
260028.0
-321152.0
-390008.0
80636.0
786360.0
1287224.0
1351336.0
1050668.0
698468.0
340516.0
-161504.0
-990332.0
-1146504.0
-1090392.0
-930904.0
-1147592.0
-1020324.0
-940124.0
-551196.0
-168104.0
-41064.0
406424.0
435432.0
93168.0
-9204.0
216312.0
1099284.0
2088120.0
2908728.0
3289592.0
3153040.0
2755268.0
2300648.0
1922616.0
1679556.0
1510552.0
1336724.0
1136984.0
936712.0
740124.0
490028.0
109484.0
-401680.0
-859188.0
-1114340.0
-960412.0
-328344.0
627100.0
1601040.0
2315352.0
2585628.0
2365256.0
1617500.0
459708.0
-495380.0
-420872.0
-457060.0
9592.0
-150896.0
-930428.0
-237148.0
383016.0
721512.0
823920.0
777068.0
741196.0
709028.0
618388.0
438424.0
234612.0
143812.0
260556.0
537908.0
804388.0
951188.0
880580.0
627496.0
292448.0
-42656.0
-327268.0
-512204.0
-541644.0
-392016.0
-113784.0
195364.0
438164.0
527804.0
478580.0
323448.0
80192.0
-233952.0
-209960.0
-152112.0
-633984.0
-501080.0
-143912.0
193136.0
276932.0
39564.0
-347876.0
-518672.0
-596068.0
-733100.0
-742912.0
-195352.0
-228632.0
154184.0
577812.0
858312.0
957420.0
885088.0
643660.0
398348.0
250832.0
99368.0
11800.0
68608.0
386408.0
885552.0
1315152.0
1366324.0
983356.0
379488.0
-98432.0
-226996.0
-17720.0
334648.0
574992.0
519508.0
116368.0
-562480.0
-1360400.0
-918120.0
-683356.0
-916976.0
-877240.0
-709632.0
-936340.0
-572200.0
-580428.0
-593212.0
-1126876.0
-974808.0
-258724.0
479072.0
1138900.0
1479968.0
1363228.0
897760.0
398156.0
212684.0
493960.0
1094024.0
1683160.0
1997764.0
2001460.0
1828524.0
1592488.0
1269544.0
774132.0
131400.0
-347744.0
-540556.0
-388760.0
-24828.0
309348.0
431484.0
315212.0
60020.0
-202628.0
-300024.0
-456264.0
-462052.0
-417912.0
-491964.0
-570304.0
-449944.0
-153496.0
84788.0
336768.0
337024.0
-58356.0
-686444.0
-1089392.0
-1041896.0
-226716.0
612516.0
1192672.0
1203380.0
542908.0
-496092.0
-611724.0
-652772.0
-17372.0
560920.0
904300.0
825464.0
363508.0
-154352.0
-129892.0
-393680.0
-781412.0
-1010192.0
-886984.0
-606064.0
-294700.0
-72876.0
2164.0
-61216.0
-96900.0
-35216.0
-502996.0
-573632.0
-538904.0
-406520.0
-230520.0
-84892.0
-21392.0
-39672.0
-90164.0
-110648.0
-75724.0
-21248.0
712.0
27200.0
7012.0
70256.0
302816.0
612100.0
741500.0
471832.0
-138156.0
-271328.0
-462580.0
38956.0
1295700.0
2407116.0
2733700.0
2050520.0
696544.0
665348.0
643808.0
429812.0
-7404.0
-316668.0
-7048.0
-23012.0
-173204.0
-244588.0
-159920.0
26556.0
240204.0
467088.0
732184.0
1033380.0
1258948.0
1333828.0
1191572.0
869368.0
465740.0
-50912.0
-521276.0
-780400.0
-823968.0
-690776.0
-512872.0
-373276.0
-479744.0
-610684.0
-539012.0
21488.0
897476.0
1819496.0
2540260.0
2894828.0
2863304.0
2600668.0
2223768.0
1857924.0
1527348.0
1178284.0
842508.0
569212.0
401748.0
475740.0
758108.0
976224.0
876756.0
404572.0
437436.0
489144.0
60908.0
-683536.0
-1044124.0
-1199020.0
-1405588.0
-1288516.0
-792084.0
-23740.0
734216.0
1180180.0
1166328.0
790416.0
406760.0
369500.0
733796.0
1333908.0
1855536.0
2073372.0
2080744.0
1936824.0
1968372.0
2344224.0
2915260.0
3310368.0
3097372.0
2263052.0
1200120.0
468348.0
423680.0
990108.0
1742344.0
2253108.0
2249200.0
1924748.0
1595488.0
1487276.0
1645224.0
1952236.0
2246276.0
2427584.0
2541392.0
2661912.0
2859244.0
3212904.0
3672520.0
4023088.0
4065632.0
3767288.0
3280756.0
2859268.0
2722820.0
2955036.0
3451036.0
3905064.0
3884676.0
3109908.0
1254348.0
120540.0
856424.0
1087176.0
1673144.0
1205420.0
1727720.0
967624.0
1374676.0
1458452.0
1561196.0
1947604.0
2561868.0
3162508.0
3535308.0
3605756.0
3413184.0
3034544.0
2550428.0
2059872.0
1683612.0
1515344.0
1593364.0
1886104.0
2096252.0
2155172.0
2144620.0
2220052.0
2472176.0
2847980.0
3202320.0
3431304.0
3559720.0
3694240.0
3881936.0
4011556.0
3866908.0
3307340.0
2429852.0
1570276.0
1125848.0
1320168.0
2072772.0
3055288.0
3886428.0
4333636.0
4399204.0
4253932.0
4083208.0
3962872.0
3850904.0
3685068.0
3488148.0
3378228.0
3470696.0
3763264.0
4114924.0
4341564.0
4341760.0
4144656.0
3855332.0
3569520.0
3338476.0
3188064.0
3132556.0
3148492.0
3151440.0
3040628.0
2896880.0
2782304.0
2738820.0
2819492.0
2919976.0
2960328.0
2741428.0
2382644.0
2218056.0
2464368.0
3094548.0
3635460.0
3680884.0
3242232.0
3003412.0
3838232.0
4882076.0
5964876.0
6838536.0
7320104.0
7334292.0
7075220.0
6835812.0
6803748.0
6972168.0
7036516.0
6863260.0
6524380.0
6250456.0
6248852.0
6724440.0
7354268.0
7874844.0
8191068.0
8246172.0
8177048.0
8339516.0
8431860.0
8378012.0
8211668.0
8074260.0
8091796.0
8221712.0
8222036.0
7803996.0
6863460.0
5595904.0
4382412.0
3996756.0
4964012.0
5823420.0
6136804.0
5756072.0
4938728.0
4160200.0
3778308.0
3827292.0
4089756.0
4343104.0
4540432.0
4780832.0
5140440.0
5555348.0
5923656.0
6112048.0
6103664.0
5969212.0
5796588.0
5695244.0
5812864.0
6046356.0
6426760.0
6952336.0
7633224.0
8376600.0
9027332.0
9575580.0
1.00278E7
1.03649E7
1.0556724E7
1.0607732E7
1.0568204E7
1.0487328E7
1.0358664E7
1.0128872E7
9779720.0
9412332.0
9242464.0
9481000.0
1.0173088E7
1.11217E7
1.197818E7
1.2463908E7
1.2574332E7
1.2732352E7
1.3448232E7
1.4699888E7
1.6266408E7
1.775536E7
1.8699192E7
1.8700248E7
1.8007184E7
1.7119508E7
1.6473124E7
1.6219984E7
1.622388E7
1.6359628E7
1.6546336E7
1.6550368E7
1.6462956E7
1.6449692E7
1.6632616E7
1.6993132E7
1.7364888E7
1.7541832E7
1.7436956E7
1.716614E7
1.6974844E7
1.7096592E7
1.7456708E7
1.7844748E7
1.8043296E7
1.7993148E7
1.783478E7
1.7787044E7
1.7968716E7
1.8308344E7
1.8614156E7
1.8749356E7
1.8772012E7
1.8918328E7
1.9428936E7
2.0353324E7
2.149822E7
2.2568396E7
2.337788E7
2.394806E7
2.4444672E7
2.5008476E7
2.5406336E7
2.5651324E7
2.5868112E7
2.613188E7
2.664256E7
2.7469584E7
2.8446104E7
2.9249944E7
2.9646728E7
2.9715452E7
2.9844896E7
3.0460028E7
3.1698888E7
3.3342652E7
3.506352E7
3.671646E7
3.8358368E7
4.001786E7
4.155798E7
4.2844448E7
4.3994432E7
4.533172E7
4.7070068E7
4.9163608E7
5.1548188E7
5.4364392E7
5.766942E7
6.0988044E7
6.3770868E7
6.7083084E7
7.5026584E7
9.5437372E7
1.47261996E8
2.42411144E8
3.70996508E8
5.27113736E8
6.94739696E8
8.69337636E8
1.035922476E9
1.162285612E9
1.209319064E9
1.154478636E9
1.009921128E9
8.18928976E8
6.32064852E8
4.81356052E8
3.71029636E8
2.87843552E8
2.19978184E8
1.6438912E8
1.2042874E8
9.4025664E7
7.8177668E7
7.040156E7
6.4717836E7
5.98418E7
5.6533856E7
5.3186024E7
4.9613484E7
4.6102716E7
4.3222472E7
4.1344832E7
4.0380756E7
3.9955672E7
3.972794E7
3.9511868E7
3.9208976E7
3.8750196E7
3.812738E7
3.7423044E7
3.6769684E7
3.6285576E7
3.6046288E7
3.607476E7
3.6317312E7
3.6636836E7
3.6873712E7
3.6943784E7
3.6876164E7
3.6749292E7
3.659754E7
3.6385096E7
3.6054544E7
3.5577668E7
3.4959288E7
3.4219272E7
3.3396784E7
3.2572276E7
3.186584E7
3.13926E7
3.1199408E7
3.1220152E7
3.127398E7
3.1118776E7
3.0554768E7
2.9532528E7
2.820862E7
2.6815948E7
2.5467872E7
2.4341416E7
2.3421928E7
2.2779108E7
2.2326336E7
2.1940556E7
2.1468556E7
2.0819292E7
2.0046172E7
1.9315828E7
1.8758528E7
1.8333368E7
1.7855172E7
1.7185496E7
1.6480616E7
1.5862544E7
1.5622048E7
1.5820828E7
1.6285684E7
1.6801752E7
1.729034E7
1.7786896E7
1.8262292E7
1.8512364E7
1.8275752E7
1.7492652E7
1.6448364E7
1.5779184E7
1.5944116E7
1.6709584E7
1.7790492E7
1.8806176E7
1.9505916E7
1.9854312E7
2.0024668E7
1.9992004E7
1.9825712E7
1.9581728E7
1.9354948E7
1.9295144E7
1.9546704E7
2.0140212E7
2.0924712E7
2.1622728E7
2.1995476E7
2.199504E7
2.1771292E7
2.1527016E7
2.1359632E7
2.123686E7
2.1106244E7
2.0994764E7
2.104166E7
2.117032E7
2.1270848E7
2.1221228E7
2.1025084E7
2.084144E7
2.0843308E7
2.1039716E7
2.1243288E7
2.1217536E7
2.0859732E7
2.0254692E7
1.9578148E7
1.89672E7
1.847206E7
1.8102104E7
1.7928704E7
1.7773108E7
1.759008E7
1.7343592E7
1.7124536E7
1.687388E7
1.6559248E7
1.61348E7
1.554514E7
1.4795904E7
1.4004164E7
1.3368748E7
1.3069076E7
1.3161964E7
1.354342E7
1.3990812E7
1.4253368E7
1.4148436E7
1.363266E7
1.2824564E7
1.195862E7
1.1273016E7
1.0879072E7
1.0694408E7
1.050016E7
1.01009E7
9560280.0
9016680.0
8682484.0
8693936.0
8957376.0
9193540.0
9118708.0
8639840.0
7927276.0
7313708.0
7089912.0
7336692.0
7898472.0
8497404.0
8893460.0
8983476.0
8876984.0
8608036.0
8284276.0
8002776.0
7845832.0
7874524.0
8096924.0
8434272.0
8728472.0
8811840.0
8609832.0
8207940.0
7820520.0
7657976.0
7768776.0
7973072.0
7960700.0
7539992.0
6782100.0
5890696.0
5313064.0
5402788.0
5917640.0
6429856.0
6527292.0
6082960.0
5322272.0
4652792.0
4389476.0
4571328.0
4985488.0
5358448.0
5555728.0
5637148.0
5739428.0
5904944.0
6020620.0
5929260.0
5609704.0
5246924.0
5108064.0
5325280.0
5782424.0
6211744.0
6411456.0
6386412.0
6295532.0
6275852.0
6318416.0
6300552.0
6118028.0
5774600.0
5378440.0
4903416.0
4422192.0
3881700.0
3340884.0
2965856.0
2927324.0
3242184.0
3700452.0
3969380.0
3835100.0
3555072.0
3162096.0
2959228.0
3085024.0
3407856.0
3723528.0
3889756.0
4021088.0
4572096.0
5461528.0
6377400.0
6854852.0
6585524.0
5634004.0
4438468.0
3133892.0
1952192.0
1098556.0
660652.0
826840.0
1599384.0
2724176.0
3822340.0
4564160.0
4747208.0
4426328.0
3792708.0
3056524.0
2379632.0
1854984.0
1501088.0
1271384.0
1099796.0
968220.0
935064.0
1079680.0
1399432.0
1758896.0
1956964.0
1870844.0
1559136.0
1235996.0
1135288.0
1367380.0
1865520.0
2536324.0
3030316.0
3188020.0
2993360.0
2552552.0
2027096.0
1565076.0
1318800.0
1356844.0
1518580.0
1668852.0
1681872.0
1505488.0
1249056.0
764164.0
157896.0
-432280.0
-913172.0
-1143672.0
-663864.0
-501980.0
-179900.0
-117520.0
-216800.0
427604.0
939516.0
1281328.0
1525428.0
1803776.0
2088348.0
2222312.0
2126040.0
1954768.0
1808544.0
1805548.0
1971776.0
2207448.0
2385104.0
2511136.0
2593440.0
2759380.0
3050660.0
3350576.0
3454540.0
3214084.0
2635600.0
1863524.0
1246680.0
783564.0
527176.0
288660.0
153940.0
251244.0
609496.0
1074540.0
1372696.0
1280720.0
769780.0
17268.0
-436900.0
-680032.0
-458984.0
16720.0
237372.0
248820.0
116048.0
-141784.0
-42672.0
363200.0
605456.0
641840.0
450496.0
165224.0
-176484.0
-348096.0
-412376.0
-370860.0
-219160.0
-33596.0
-340676.0
-143480.0
-209148.0
273964.0
281680.0
-310760.0
-558140.0
-1048876.0
-762944.0
-335244.0
193096.0
710336.0
1013656.0
980684.0
704212.0
413472.0
340672.0
117144.0
228440.0
256524.0
166460.0
99744.0
156968.0
375044.0
595404.0
716068.0
743012.0
660720.0
386644.0
17360.0
-147288.0
-30892.0
317524.0
803020.0
1407440.0
2148664.0
2738192.0
3008616.0
2954788.0
2684728.0
2326212.0
1940744.0
1499216.0
923400.0
407976.0
781452.0
1656228.0
1814660.0
1110888.0
269784.0
-364400.0
-89160.0
55308.0
-184884.0
-425228.0
-391480.0
-117932.0
176072.0
232072.0
-9252.0
-339768.0
-43716.0
69816.0
435052.0
1027156.0
1353452.0
1317276.0
1003360.0
557208.0
124368.0
-169624.0
-233680.0
-18616.0
421460.0
926236.0
1335932.0
1456052.0
1277460.0
935576.0
622188.0
487708.0
589476.0
887548.0
1266092.0
1572460.0
1673444.0
1509496.0
1114160.0
613584.0
147092.0
-254436.0
-520704.0
-637364.0
-680648.0
-499832.0
-395852.0
-880840.0
-995072.0
-809980.0
-253408.0
-10024.0
-28796.0
-182740.0
-337268.0
-471596.0
-442928.0
-436772.0
-641784.0
-658400.0
-350360.0
-224560.0
-360576.0
-652880.0
-862844.0
-1322948.0
-1260804.0
-925312.0
-502008.0
-124672.0
58140.0
6764.0
-209296.0
-120772.0
21632.0
173024.0
-110572.0
-197304.0
-528260.0
-662804.0
-800836.0
-952444.0
-628516.0
-300884.0
-649424.0
-498360.0
-319700.0
-534912.0
-338592.0
109952.0
-3248.0
-104408.0
492564.0
885708.0
1032780.0
1058208.0
1010676.0
1160540.0
1452332.0
1812820.0
2086296.0
2253828.0
2472352.0
2604684.0
2582648.0
2321412.0
1776884.0
1008332.0
213944.0
-347872.0
-557744.0
-410780.0
-73388.0
200300.0
211732.0
-76352.0
25948.0
142204.0
-220940.0
-629972.0
-110160.0
-68512.0
-367752.0
-421000.0
-563804.0
-651732.0
52480.0
31248.0
-406352.0
-223984.0
-122316.0
-41228.0
115424.0
497540.0
875212.0
1057464.0
937968.0
549420.0
20148.0
-303912.0
-22716.0
125980.0
7800.0
-564748.0
-292264.0
-318292.0
436072.0
1112680.0
1587148.0
1840216.0
1840128.0
1552480.0
1127656.0
793964.0
746064.0
787712.0
727404.0
403936.0
-123524.0
310456.0
379640.0
876492.0
695788.0
393212.0
-177024.0
-220000.0
-166160.0
-313468.0
-635020.0
-655512.0
-562596.0
-610804.0
-873776.0
-726392.0
-447264.0
-472612.0
-275468.0
-452676.0
-851220.0
-836724.0
-842296.0
-763104.0
-622544.0
-341200.0
-516992.0
-377572.0
9284.0
109828.0
65520.0
-90836.0
-298300.0
-360092.0
-54952.0
-114436.0
-250504.0
-682012.0
-789644.0
-759512.0
-854872.0
-1155460.0
-929348.0
-673052.0
-491656.0
-388380.0
-346340.0
-324676.0
-78824.0
-24608.0
-161284.0
235152.0
309580.0
-28668.0
-382896.0
-295968.0
-321292.0
-430148.0
-365480.0
-126264.0
-505996.0
-966816.0
-702196.0
-459448.0
-41792.0
98024.0
-42776.0
-243876.0
-338428.0
-261784.0
258916.0
958548.0
1290784.0
1207580.0
799436.0
268928.0
518200.0
335704.0
98796.0
61564.0
240332.0
345884.0
209244.0
-227524.0
15512.0
-106224.0
-656980.0
-785124.0
-685408.0
-240384.0
-267472.0
-650148.0
-925728.0
-639768.0
-514780.0
-650520.0
-731804.0
-161836.0
402220.0
559900.0
274504.0
-258600.0
-347684.0
-400336.0
-224076.0
-151876.0
97996.0
139644.0
-509712.0
-981924.0
-430460.0
13884.0
304740.0
403412.0
437324.0
506088.0
686668.0
807768.0
757096.0
512808.0
233228.0
-67996.0
-379436.0
-733724.0
-755424.0
-250204.0
-539988.0
-512440.0
-215320.0
-276708.0
-790784.0
-604792.0
-505936.0
-951452.0
-610708.0
-522376.0
-321596.0
-199648.0
70872.0
98020.0
-12728.0
-179152.0
-517360.0
-596504.0
-211132.0
-161572.0
47292.0
491760.0
465832.0
195104.0
-249208.0
220912.0
395504.0
133312.0
-370416.0
83324.0
349996.0
276080.0
101036.0
217128.0
653240.0
1024180.0
1282652.0
1408744.0
746848.0
508440.0
542852.0
298812.0
11464.0
-633728.0
-421924.0
-495400.0
-693132.0
-469596.0
-185648.0
-78352.0
-141080.0
-345120.0
-367280.0
-319476.0
-338368.0
-207376.0
-336032.0
-528932.0
-550808.0
-192932.0
-108872.0
-319692.0
-684876.0
-43064.0
488480.0
407204.0
-298580.0
120044.0
258696.0
204516.0
86384.0
47644.0
278820.0
-9520.0
-396000.0
-310352.0
-571352.0
-427192.0
-526708.0
-726408.0
-470548.0
-411164.0
-275432.0
-197308.0
-134748.0
-58092.0
85604.0
206104.0
82284.0
-295848.0
-305900.0
68920.0
296216.0
321944.0
548048.0
349760.0
331284.0
167780.0
-159612.0
-69772.0
-41520.0
-56920.0
-123788.0
-229720.0
-320668.0
-109404.0
64852.0
138664.0
680492.0
1271280.0
1339928.0
950488.0
383620.0
-55692.0
-59920.0
-141460.0
-595212.0
-374376.0
-12408.0
244196.0
231468.0
-210516.0
-205912.0
-571780.0
-956304.0
-570800.0
-301640.0
-387836.0
-178624.0
-203492.0
-667212.0
-663568.0
-340752.0
-339108.0
-723408.0
-40440.0
271112.0
-5732.0
-565588.0
-482672.0
-205312.0
-17284.0
53248.0
-82388.0
-85684.0
565920.0
991756.0
927144.0
470304.0
843040.0
823856.0
458212.0
25828.0
567604.0
398092.0
-151448.0
-327200.0
-365628.0
-121968.0
-4280.0
365376.0
909692.0
1202248.0
1095776.0
538488.0
-181580.0
-416524.0
-457944.0
-107864.0
-58780.0
-266980.0
-624960.0
-782932.0
-766520.0
-597968.0
-459956.0
-564792.0
-253984.0
-240168.0
-352480.0
-404772.0
-3944.0
64728.0
344448.0
344012.0
205036.0
-144028.0
-454860.0
-499384.0
-537880.0
-579316.0
-546144.0
-422976.0
-308352.0
-308472.0
-243976.0
-376536.0
-341752.0
4800.0
224356.0
-134704.0
-179352.0
136520.0
4820.0
-545380.0
243168.0
1045500.0
1324060.0
960608.0
101088.0
-294600.0
-523448.0
-558356.0
-561860.0
-688476.0
-331412.0
439028.0
889064.0
833368.0
241624.0
96372.0
41308.0
-68864.0
-259236.0
57508.0
633432.0
551704.0
399848.0
550360.0
359040.0
343112.0
134588.0
643088.0
1232804.0
1391596.0
1099028.0
462384.0
-270884.0
194396.0
202628.0
-135140.0
-368284.0
-301132.0
-172080.0
52596.0
322928.0
248912.0
262968.0
407768.0
390424.0
515092.0
266624.0
-219164.0
33360.0
587648.0
942988.0
912124.0
544920.0
186196.0
-18028.0
-11760.0
609180.0
964532.0
955880.0
597124.0
142916.0
-18516.0
110024.0
159368.0
153388.0
183220.0
212904.0
242660.0
198376.0
5348.0
83956.0
532960.0
739880.0
866600.0
989092.0
995704.0
706436.0
737572.0
1035008.0
861080.0
427104.0
70600.0
-136240.0
-277052.0
-304024.0
296948.0
693244.0
742232.0
304316.0
-247204.0
-585600.0
-393836.0
154024.0
438416.0
216076.0
-93452.0
99996.0
348592.0
98224.0
-229596.0
-426740.0
-150624.0
-221008.0
40544.0
660420.0
1170652.0
1337960.0
926572.0
15876.0
-455348.0
-384388.0
107208.0
473088.0
601248.0
292456.0
-125808.0
-93960.0
8844.0
-9592.0
-283224.0
-477560.0
-264260.0
-160488.0
-439164.0
-531524.0
-148696.0
154708.0
115736.0
-78356.0
-397780.0
-790360.0
-1158576.0
-953280.0
-749376.0
-321840.0
-36124.0
-193460.0
-620228.0
-727412.0
-986520.0
-807772.0
-865012.0
-1091424.0
-1062484.0
-967532.0
-919332.0
-963568.0
-1084996.0
