# File created = Tuesday, December 10, 2024 2:11:49 PM CET
# Data set = 20241206_parallelHSQC  16  995  D:\Topspin\examdata
# Spectral Region:
# LEFT = 10.0 ppm. RIGHT = 0.002576844041229265 ppm.
#
# SIZE = 2048 ( = number of points)
#
# In the following ordering is from the 'left' to the 'right' limits!
# Lines beginning with '#' must be considered as comment lines.
#
-235417.0
-293602.0
-358968.0
-377809.0
-489813.0
-697671.0
-811307.0
-458613.0
-474611.0
-443777.0
-242173.0
-211803.0
-109685.0
28972.0
130490.0
-54938.0
67435.0
260873.0
204109.0
20533.0
151891.0
-269093.0
-319613.0
229727.0
1187435.0
1684980.0
1435782.0
560250.0
291597.0
536011.0
779649.0
670705.0
-106242.0
-361885.0
-199222.0
-257565.0
-387342.0
-5434.0
210844.0
171654.0
112140.0
124283.0
26426.0
153903.0
195695.0
383008.0
270322.0
599967.0
621159.0
157601.0
-428325.0
-800995.0
-848328.0
-690829.0
-520885.0
-633464.0
-452582.0
-162550.0
237454.0
283434.0
305565.0
469264.0
399235.0
-266963.0
-108654.0
44990.0
436873.0
405002.0
370525.0
110057.0
-326556.0
-627985.0
-506917.0
-250488.0
-301371.0
-110885.0
309133.0
839452.0
1324455.0
1536032.0
1341232.0
750410.0
-75089.0
-703011.0
-408759.0
94872.0
226795.0
-154028.0
-355238.0
-146341.0
-390440.0
-340192.0
-51722.0
545845.0
957276.0
855362.0
391575.0
-238714.0
-241457.0
626386.0
934802.0
667791.0
737844.0
475304.0
-218546.0
-526312.0
-413137.0
78830.0
268069.0
143021.0
-191884.0
443258.0
1243432.0
1679542.0
1625493.0
1111890.0
517803.0
866715.0
604946.0
-109069.0
-379871.0
-260444.0
-46947.0
-244026.0
-582515.0
-356727.0
44582.0
-81618.0
385774.0
951725.0
941378.0
196761.0
198068.0
384455.0
342061.0
346087.0
394428.0
244988.0
-321133.0
-541331.0
-194266.0
-64780.0
-410320.0
-861579.0
-661335.0
-347160.0
15783.0
-165508.0
-397316.0
-329839.0
317488.0
559577.0
237501.0
-41568.0
131231.0
37290.0
-188562.0
-144558.0
-133772.0
-588251.0
-132375.0
1048524.0
1632158.0
1657784.0
1363092.0
1029781.0
582488.0
-99559.0
-136329.0
206805.0
159038.0
-274569.0
-852111.0
-460189.0
-291824.0
-224325.0
-72649.0
-170091.0
333120.0
261126.0
-145713.0
-385656.0
-438393.0
-560099.0
-400815.0
-478405.0
-593025.0
-556830.0
-403377.0
-41027.0
649672.0
589524.0
433174.0
381006.0
374076.0
434824.0
87549.0
-398622.0
-190387.0
-100594.0
19976.0
249372.0
455408.0
435112.0
451509.0
392471.0
338759.0
69525.0
-23225.0
-236115.0
-230994.0
-9864.0
474313.0
944879.0
1120426.0
827343.0
-106463.0
13610.0
-146208.0
90195.0
478793.0
770921.0
470212.0
-7826.0
285315.0
-236791.0
-256589.0
-256202.0
-124174.0
55759.0
278584.0
187541.0
66123.0
-292727.0
-206755.0
-209229.0
-392505.0
-142776.0
-102980.0
102905.0
35836.0
71123.0
173962.0
207189.0
294280.0
376224.0
85019.0
-380689.0
-467943.0
-490904.0
-348974.0
-362489.0
-322731.0
114553.0
326640.0
-67624.0
-550011.0
-673390.0
-547493.0
-153162.0
-257618.0
-529178.0
-60941.0
64367.0
-266953.0
103038.0
370803.0
398148.0
135754.0
-295492.0
-469620.0
-185997.0
-188390.0
-436710.0
-557707.0
-621488.0
-213987.0
-19787.0
24857.0
-382740.0
-85782.0
231643.0
908077.0
1421699.0
1456259.0
1149572.0
663287.0
209548.0
-297685.0
-735002.0
-320453.0
-393529.0
-420994.0
144287.0
47245.0
138883.0
131235.0
-147193.0
-180367.0
-227107.0
-430423.0
-406505.0
514694.0
584620.0
247497.0
56035.0
-266618.0
-630954.0
-861285.0
-1043134.0
-1162736.0
-1054805.0
-643652.0
-475522.0
-332343.0
-329631.0
-107567.0
138696.0
354343.0
443025.0
280801.0
-133277.0
-294757.0
-473900.0
-784427.0
-952174.0
-931519.0
-238069.0
143366.0
70853.0
-299238.0
-402108.0
-170103.0
-138351.0
-43565.0
-362013.0
-740272.0
-715428.0
34027.0
413256.0
209670.0
-118569.0
132296.0
35545.0
-360400.0
-212511.0
192547.0
465587.0
478917.0
236363.0
650652.0
690720.0
319848.0
-442861.0
-681262.0
-767190.0
-594258.0
322946.0
659180.0
98205.0
-368831.0
48336.0
290175.0
178078.0
-225602.0
-377169.0
-709741.0
-399211.0
-60536.0
34429.0
7452.0
-231456.0
-331620.0
-301854.0
-371801.0
-305902.0
-130483.0
-160677.0
-55633.0
-144137.0
-152965.0
38072.0
-62503.0
-258157.0
14252.0
57424.0
-522633.0
-126176.0
248745.0
255505.0
-80516.0
-226391.0
10144.0
-21207.0
75061.0
-217416.0
-407358.0
218734.0
395375.0
271965.0
200428.0
-85029.0
-399594.0
-483603.0
-564417.0
-662667.0
-480114.0
-296635.0
-170962.0
-290443.0
-369894.0
14772.0
-182869.0
-679819.0
-478897.0
-538085.0
442305.0
866253.0
647036.0
-73355.0
-98665.0
-166191.0
-291748.0
-608791.0
-749424.0
-875941.0
-1011625.0
-991175.0
-549641.0
-150292.0
-32569.0
-203530.0
-548061.0
-790084.0
-594263.0
-390148.0
-125333.0
17484.0
88700.0
272924.0
151101.0
-271766.0
-588414.0
-829067.0
-893332.0
-184840.0
23553.0
-286091.0
-277517.0
255417.0
431136.0
-76708.0
-559469.0
-852952.0
-636170.0
-153688.0
113250.0
-252215.0
-154975.0
95528.0
49550.0
-73081.0
52330.0
-106270.0
-417994.0
-232229.0
128495.0
248582.0
-57040.0
-406920.0
237306.0
426849.0
-203044.0
46640.0
161455.0
81501.0
-207684.0
30061.0
-295045.0
-455049.0
-620401.0
-507052.0
-406121.0
-321001.0
14662.0
-333051.0
-313047.0
-217468.0
-215819.0
-169876.0
397178.0
303334.0
-320883.0
-716393.0
-416980.0
-169212.0
-382320.0
-500797.0
-515692.0
8561.0
833284.0
1109131.0
730151.0
250337.0
-23823.0
521634.0
303976.0
-261154.0
-473002.0
-73078.0
-144884.0
-463856.0
-283550.0
-133799.0
-235116.0
-510910.0
-525418.0
149601.0
463660.0
264440.0
-239821.0
-295017.0
42240.0
239482.0
247057.0
481847.0
549606.0
491317.0
428554.0
513575.0
606305.0
496646.0
184223.0
-233892.0
-589308.0
-698716.0
-411183.0
-468804.0
-493020.0
-257917.0
222944.0
831133.0
982335.0
628811.0
244091.0
164941.0
178907.0
-274874.0
-191007.0
204697.0
691252.0
746833.0
732287.0
544698.0
338642.0
161009.0
543023.0
619271.0
517522.0
354503.0
509246.0
552693.0
454753.0
1108262.0
1848893.0
2315733.0
2231959.0
1537351.0
426814.0
-274546.0
-626250.0
-611006.0
-720827.0
-742267.0
-754353.0
1903.0
623766.0
867722.0
739779.0
410356.0
58749.0
248516.0
713654.0
874429.0
685191.0
293739.0
75291.0
124679.0
395517.0
324762.0
285388.0
28625.0
-140068.0
-67282.0
324221.0
1022313.0
1623278.0
1943438.0
1906043.0
1589932.0
1375117.0
1525449.0
1457699.0
1220011.0
1014739.0
852938.0
697759.0
483380.0
478464.0
201234.0
126735.0
31932.0
731509.0
1132620.0
888311.0
151865.0
-505888.0
-147906.0
441714.0
996167.0
1048650.0
947562.0
830051.0
520191.0
483263.0
523549.0
418023.0
869542.0
787835.0
446062.0
387905.0
188364.0
553007.0
832056.0
1007562.0
1009681.0
823286.0
528303.0
267641.0
592713.0
754856.0
653470.0
824619.0
867147.0
903615.0
1267487.0
1397538.0
1160064.0
751819.0
746351.0
792836.0
500821.0
1046774.0
1673250.0
2148433.0
2393539.0
2453825.0
2494986.0
2603561.0
2848609.0
3161212.0
3433385.0
3513479.0
3297509.0
2890815.0
2535356.0
2484786.0
2855225.0
3557733.0
4377475.0
5145814.0
5855720.0
6613796.0
7492765.0
8475859.0
9603549.0
1.1189117E7
1.5136877E7
2.5768099E7
4.3235939E7
6.2134157E7
7.7394576E7
8.7611514E7
9.4798228E7
1.01234771E8
1.06610822E8
1.09486035E8
1.04101901E8
8.9272897E7
6.8704833E7
4.8834575E7
3.3610286E7
2.5307218E7
2.169113E7
1.9646312E7
1.7858579E7
1.6185938E7
1.4850536E7
1.4127246E7
1.3923163E7
1.3954305E7
1.3978077E7
1.3891839E7
1.3711815E7
1.3512792E7
1.3366921E7
1.338733E7
1.3434717E7
1.3372243E7
1.3047632E7
1.2362651E7
1.1367945E7
1.0273309E7
9342825.0
8733821.0
8399918.0
8143971.0
7785063.0
7385547.0
6995373.0
6685934.0
6450510.0
6178477.0
5782363.0
5307641.0
4913868.0
4744594.0
4806882.0
4963413.0
5031600.0
4988597.0
4724877.0
4246094.0
3659326.0
3209063.0
2958882.0
2991215.0
3126352.0
3231505.0
3238357.0
3152432.0
3164186.0
3449842.0
3943386.0
4085546.0
3883585.0
3374838.0
3026041.0
3153085.0
3479453.0
3893107.0
4165084.0
4206680.0
3881402.0
3337270.0
2790112.0
2471163.0
2413365.0
2527162.0
2744051.0
3116869.0
3614096.0
4193463.0
4863242.0
5598214.0
6314840.0
6886674.0
7195357.0
7188592.0
6912910.0
6504170.0
6140902.0
5982691.0
6120092.0
6553162.0
7200944.0
7935274.0
8629418.0
9206153.0
9659800.0
1.0031251E7
1.0348997E7
1.0589328E7
1.0704941E7
1.0706928E7
1.071867E7
1.0932373E7
1.1493823E7
1.2421381E7
1.3635528E7
1.5060261E7
1.6686359E7
1.8543478E7
2.0646058E7
2.3012881E7
2.5763895E7
3.0885329E7
4.0741918E7
5.7930513E7
8.061104E7
1.05932488E8
1.31503361E8
1.54340098E8
1.71745875E8
1.83399792E8
1.86223107E8
1.80602816E8
1.67621564E8
1.50401604E8
1.28125602E8
1.02247727E8
7.9163096E7
6.0560461E7
4.9524419E7
4.4140892E7
4.1757634E7
3.9878001E7
3.7725005E7
3.5468317E7
3.3491976E7
3.1893402E7
3.0640959E7
2.9677731E7
2.8913494E7
2.8300335E7
2.7686684E7
2.6924941E7
2.5985795E7
2.4932354E7
2.3809716E7
2.2613866E7
2.1381448E7
2.0266021E7
1.9471327E7
1.9088318E7
1.9007999E7
1.9006124E7
1.8911597E7
1.8688656E7
1.8366663E7
1.7929928E7
1.7350455E7
1.650823E7
1.5516023E7
1.463839E7
1.4129028E7
1.4034215E7
1.4130113E7
1.4066795E7
1.3622436E7
1.2869402E7
1.2113598E7
1.1648261E7
1.1515763E7
1.1467232E7
1.1152157E7
1.0413395E7
9333119.0
8269159.0
7587543.0
7396495.0
7491571.0
7522841.0
7250311.0
6720425.0
6080199.0
6490440.0
9289367.0
1.2054602E7
1.4523988E7
1.6439004E7
1.7578851E7
1.7748151E7
1.680969E7
1.5002777E7
1.3366243E7
1.2802826E7
1.1977858E7
1.0906044E7
9421610.0
9041331.0
9194975.0
8822014.0
8168089.0
7561218.0
7240272.0
7250195.0
7467506.0
7725632.0
7936130.0
8111549.0
8284625.0
8413353.0
8377228.0
8084809.0
7596831.0
7132490.0
7028021.0
1.1147213E7
1.4469833E7
1.6700911E7
1.7614673E7
1.7131137E7
1.5346774E7
1.761887E7
1.9773472E7
2.1051769E7
2.1926404E7
2.3093321E7
2.4854752E7
2.7394152E7
3.0290907E7
3.2797151E7
3.3675817E7
3.2288272E7
2.877617E7
2.3979968E7
1.9023822E7
1.5004772E7
1.2288657E7
1.0946646E7
1.0871577E7
1.0888619E7
1.1232205E7
1.1896566E7
1.2698668E7
1.3452693E7
1.4076487E7
1.4552363E7
1.483449E7
1.4849288E7
1.4767679E7
1.4595624E7
1.459265E7
1.4959783E7
1.5679526E7
1.6533669E7
1.7276202E7
1.7945951E7
1.8494887E7
1.9107316E7
2.0042537E7
2.1425567E7
2.3087378E7
2.4671196E7
2.6116809E7
2.8179619E7
3.2332013E7
3.9795929E7
5.2532054E7
6.7487006E7
8.2470343E7
9.6028565E7
1.10612758E8
1.31041158E8
1.53915652E8
1.72424285E8
1.82107343E8
1.79343651E8
1.6996179E8
1.6129549E8
1.55962047E8
1.51968256E8
1.45235975E8
1.34492007E8
1.24932827E8
1.21641549E8
1.25891703E8
1.30741218E8
1.31238934E8
1.2663669E8
1.19835757E8
1.13565769E8
1.08040756E8
1.01847066E8
9.2945738E7
8.3220954E7
7.5981485E7
7.3382768E7
7.5296367E7
8.0353514E7
8.7985399E7
9.8168159E7
1.10632539E8
1.24335225E8
1.37082325E8
1.46813488E8
1.5314335E8
1.57839591E8
1.63681628E8
1.72348314E8
1.82816065E8
1.91569257E8
1.9468583E8
1.90370391E8
1.80450727E8
1.7091816E8
1.61264953E8
1.54086537E8
1.4652357E8
1.37684827E8
1.28816241E8
1.20392523E8
1.14451292E8
1.09615741E8
1.05951444E8
1.0353896E8
1.01079321E8
9.8382282E7
9.5471573E7
9.2530698E7
8.9750943E7
8.7185991E7
8.4721559E7
8.2192929E7
7.956108E7
7.6993519E7
7.4763798E7
7.3072683E7
7.2121396E7
7.1172628E7
6.9842059E7
6.7938539E7
6.5560204E7
6.3019176E7
6.0654957E7
5.8655801E7
5.6991274E7
5.548339E7
5.3953583E7
5.2336653E7
5.0753471E7
4.9288162E7
4.7826362E7
4.6367102E7
5.1378722E7
6.4115386E7
7.9082364E7
9.5590483E7
1.10707975E8
1.23558829E8
1.34500553E8
1.43995535E8
1.51323826E8
1.54747797E8
1.53233538E8
1.45407502E8
1.33378065E8
1.201827E8
1.09368538E8
1.00081705E8
9.1757427E7
8.9797554E7
1.02646387E8
1.16421895E8
1.30478105E8
1.42077324E8
1.49316139E8
1.51854794E8
1.50167574E8
1.45815223E8
1.38351373E8
1.27148216E8
1.13838014E8
1.00169322E8
8.714797E7
7.6614635E7
6.7975075E7
6.1140556E7
5.5969466E7
5.2113719E7
4.9092146E7
4.7107797E7
4.5351009E7
4.3728841E7
4.2179527E7
4.0608272E7
3.8890431E7
3.6979131E7
3.4999386E7
3.3194251E7
3.1740924E7
3.2520911E7
3.6560284E7
4.1727017E7
4.8180082E7
5.6446109E7
6.5244536E7
7.4501043E7
8.1931048E7
8.6726508E7
8.9459611E7
8.9496593E7
8.6306988E7
8.0522705E7
7.2026643E7
6.1629443E7
5.1653705E7
4.2677384E7
3.5460407E7
2.9953451E7
2.5941074E7
2.3197275E7
2.1218297E7
1.9748701E7
1.8651886E7
1.7839273E7
1.7343044E7
1.7137738E7
1.7135818E7
1.7325353E7
1.7683828E7
1.8043875E7
1.8190372E7
1.7989184E7
1.7351737E7
1.6275845E7
1.4926456E7
1.3691354E7
1.2658182E7
1.1948501E7
1.1476726E7
1.1049633E7
1.0566632E7
1.0124718E7
1.0011308E7
1.0000072E7
1.0214607E7
1.0272459E7
1.0036586E7
9665222.0
9382772.0
9400735.0
9699654.0
1.0067929E7
1.0201084E7
9910812.0
9241866.0
9243581.0
9454689.0
9529995.0
9384740.0
8855476.0
8180764.0
7698245.0
7600899.0
7907940.0
8192460.0
8227965.0
7978307.0
7546076.0
7055365.0
6597039.0
6252660.0
6095986.0
6164793.0
6374532.0
6546559.0
6516800.0
6317698.0
5915844.0
5468730.0
5226619.0
5147481.0
5199560.0
5324210.0
5453781.0
5539127.0
5594443.0
5707988.0
5964274.0
6323556.0
6572266.0
6443812.0
5894621.0
5210478.0
5609988.0
6122983.0
6296825.0
6774987.0
7294639.0
7438631.0
7231354.0
6817089.0
6365967.0
6003298.0
5790357.0
6178730.0
6836920.0
7287226.0
7694100.0
8005358.0
8190187.0
8351815.0
8609714.0
8940223.0
9340915.0
9748921.0
1.0073584E7
1.0274006E7
1.0351651E7
1.0353676E7
1.0247707E7
1.0102481E7
9887717.0
9667823.0
9498814.0
9256487.0
8859827.0
8263862.0
7486960.0
6603151.0
5703976.0
4885320.0
4228285.0
4089871.0
3959578.0
3495210.0
3376368.0
3679638.0
3852933.0
3825987.0
3698525.0
3663973.0
3767751.0
3943245.0
3942691.0
3602662.0
3423185.0
3232946.0
3093425.0
3054440.0
3055968.0
3009403.0
2983856.0
3110715.0
3476378.0
4017814.0
4513253.0
4693951.0
4508284.0
3910542.0
3115082.0
2433371.0
2154126.0
2205133.0
2646780.0
3199757.0
3691364.0
3965307.0
3896276.0
3436469.0
2664026.0
1770558.0
971415.0
840209.0
1297058.0
1320446.0
829219.0
504014.0
871440.0
1378300.0
1793844.0
2075587.0
2455242.0
3105189.0
3866989.0
4413039.0
4512377.0
4057881.0
3130188.0
1988203.0
993089.0
492041.0
709624.0
1252049.0
2204326.0
3119715.0
3676298.0
3655617.0
3022832.0
2455713.0
2498524.0
2598872.0
2636062.0
2490892.0
2186359.0
1915449.0
1995344.0
2136628.0
2349951.0
2593091.0
3336010.0
3870710.0
3760117.0
3284101.0
3206165.0
2602852.0
1724939.0
1048837.0
1237952.0
1850658.0
2347404.0
3025604.0
3281678.0
3186174.0
3018308.0
3005559.0
3147987.0
3256291.0
3145134.0
2803734.0
2405029.0
2162895.0
2169385.0
2343684.0
2518174.0
2577022.0
2537741.0
2528632.0
2695404.0
3103761.0
3686737.0
4254404.0
4564792.0
4437301.0
3860153.0
3023060.0
2235163.0
1765373.0
1706458.0
1950625.0
2279468.0
2492504.0
2493345.0
2306657.0
2045526.0
1851796.0
1822269.0
1948755.0
2119302.0
2198459.0
2129277.0
2359565.0
2368443.0
1989682.0
1494340.0
1134330.0
1049279.0
1145283.0
1142725.0
1002762.0
1275889.0
2045139.0
2586040.0
2755811.0
2508919.0
2018919.0
1454952.0
1039322.0
1057402.0
1366544.0
1763509.0
1953693.0
1880070.0
1861351.0
1944427.0
1837910.0
1701091.0
1979202.0
2449330.0
2802159.0
2836117.0
2616598.0
2224609.0
1924463.0
1728762.0
1607713.0
1388560.0
1056894.0
730811.0
509474.0
401579.0
282122.0
305277.0
511935.0
1049063.0
1195846.0
683092.0
-258726.0
-63401.0
-56780.0
-97651.0
-55360.0
-150026.0
-329822.0
-377834.0
-395209.0
-366873.0
90475.0
351457.0
244853.0
192569.0
580596.0
844168.0
763500.0
318692.0
-320257.0
-469395.0
-756000.0
-917627.0
-824368.0
-840710.0
-309661.0
-105979.0
-286838.0
-457533.0
-1124015.0
-1096933.0
-702230.0
-167208.0
265446.0
59077.0
-331642.0
-335161.0
-69174.0
64594.0
201899.0
314891.0
516418.0
552792.0
460629.0
489754.0
656167.0
785494.0
877379.0
949674.0
1006851.0
1028995.0
1037281.0
1087072.0
1150362.0
1273698.0
1424371.0
1474874.0
1289733.0
849799.0
373705.0
181934.0
155977.0
206488.0
242992.0
127246.0
-171523.0
-648673.0
-365832.0
-430720.0
117980.0
168999.0
470509.0
624087.0
611664.0
401855.0
-34825.0
-587720.0
-679755.0
-578048.0
-459964.0
-273612.0
-55462.0
49653.0
25717.0
-771.0
64430.0
109238.0
-26968.0
-462060.0
-583336.0
-749363.0
-1203862.0
-695118.0
-726469.0
-480754.0
343897.0
728819.0
508229.0
-218655.0
-994176.0
-1048852.0
-1124874.0
-686026.0
-756991.0
-758725.0
-611315.0
-170428.0
-419493.0
-929489.0
-804948.0
-824062.0
-655992.0
-179752.0
-405926.0
-1145230.0
-1317003.0
-1087724.0
-754410.0
-904457.0
-237862.0
148116.0
153375.0
-118975.0
-434827.0
-627109.0
-728061.0
-634103.0
-375956.0
2300.0
400913.0
573294.0
423215.0
-90398.0
-628033.0
-501644.0
-590591.0
-943470.0
-990964.0
-1124527.0
-1191099.0
-1026457.0
-745911.0
-767525.0
-1194529.0
-1150668.0
-529508.0
-56794.0
41755.0
-284097.0
-948472.0
-476206.0
88969.0
232402.0
-126806.0
-715148.0
-664786.0
-593559.0
-692155.0
-450972.0
41225.0
107400.0
-538549.0
-458533.0
-462535.0
-566335.0
-732504.0
-1089740.0
-895805.0
-481819.0
-256248.0
-219365.0
-477168.0
-882929.0
-641128.0
-581702.0
-795646.0
-520275.0
-571434.0
-996082.0
-1049442.0
-1039383.0
-373570.0
-123780.0
-315290.0
-741327.0
-97571.0
458071.0
352609.0
-59113.0
140943.0
-147591.0
-795488.0
-911405.0
-459643.0
6778.0
21596.0
-27876.0
-93333.0
-341136.0
-525690.0
-505543.0
-146540.0
-8171.0
-209931.0
-627649.0
-951989.0
-622093.0
-546919.0
-76331.0
355724.0
448821.0
98523.0
-597903.0
-1094190.0
-1196292.0
-753874.0
-393477.0
-261320.0
-391118.0
-486711.0
-241852.0
27813.0
-232181.0
-164582.0
-128966.0
27136.0
-407103.0
-1091857.0
-791047.0
-446315.0
-466050.0
-375475.0
-333189.0
-345397.0
-293688.0
-84752.0
142019.0
199996.0
2733.0
-66951.0
-127846.0
152734.0
353687.0
463642.0
492271.0
588739.0
1257558.0
1783332.0
1847637.0
1760350.0
1358842.0
765492.0
313111.0
129168.0
420276.0
482734.0
327856.0
414524.0
404655.0
309054.0
169091.0
3716.0
358311.0
649619.0
595337.0
274071.0
386993.0
739203.0
983039.0
1138368.0
1186430.0
1122874.0
896814.0
491624.0
856431.0
1291588.0
1559876.0
1515063.0
1094481.0
905347.0
1491217.0
1873487.0
2061675.0
1976311.0
1629175.0
1145925.0
737152.0
573770.0
626764.0
669354.0
629558.0
618480.0
617960.0
845841.0
1241642.0
1592743.0
1763728.0
1705783.0
1544662.0
1434906.0
1635221.0
1910869.0
2100110.0
2045360.0
1673599.0
1032333.0
276209.0
-375030.0
-540067.0
-760243.0
-571566.0
-275433.0
22686.0
27293.0
-224958.0
-88410.0
323358.0
915249.0
1404503.0
1583749.0
1345363.0
750213.0
1628.0
-661676.0
-581355.0
-809707.0
-668914.0
-505966.0
-96528.0
618347.0
1018290.0
946495.0
962556.0
710867.0
408614.0
275590.0
388139.0
656699.0
805444.0
624070.0
124994.0
-443616.0
325799.0
710913.0
342678.0
265298.0
564760.0
605939.0
408982.0
471808.0
462866.0
573364.0
435229.0
181280.0
820262.0
1519222.0
1789917.0
1536853.0
994360.0
463340.0
152511.0
18234.0
34858.0
-60555.0
-395026.0
-532015.0
-437379.0
-641517.0
-483787.0
-306362.0
-431462.0
-108278.0
-55971.0
-251697.0
-179558.0
213084.0
369150.0
360683.0
546152.0
1170447.0
1572400.0
1622652.0
1262065.0
725244.0
437723.0
-184588.0
-406780.0
-517301.0
-205036.0
-333662.0
-743752.0
-279688.0
143337.0
421073.0
522642.0
395958.0
184768.0
30728.0
-42695.0
-73451.0
-403656.0
-605242.0
-442935.0
403822.0
698280.0
441107.0
-177387.0
-175688.0
203612.0
284468.0
50215.0
67218.0
200322.0
29274.0
186789.0
333842.0
276007.0
870481.0
822745.0
11252.0
-404161.0
-471589.0
-210031.0
-148146.0
253193.0
1044281.0
1808833.0
2328146.0
2323786.0
1825406.0
1049043.0
301820.0
-148575.0
-170903.0
149546.0
546387.0
711227.0
569868.0
176502.0
-34589.0
260746.0
-2746.0
-175379.0
-263641.0
-63329.0
214605.0
493642.0
595498.0
373700.0
-125456.0
-672337.0
-660328.0
-180624.0
197872.0
72092.0
-180178.0
-356961.0
250209.0
623062.0
497898.0
-118558.0
447222.0
963698.0
993005.0
844263.0
550162.0
219626.0
802209.0
964876.0
593986.0
-218124.0
-282359.0
-65679.0
-215792.0
-142483.0
-355896.0
-236405.0
7806.0
-286007.0
-434703.0
-320250.0
-364102.0
-47123.0
43713.0
-321394.0
-622169.0
-422226.0
-71479.0
-61406.0
-182660.0
-319332.0
-567965.0
-605144.0
-434603.0
97239.0
30252.0
-450953.0
-239196.0
377131.0
629118.0
221684.0
-148001.0
-280223.0
-360599.0
-288267.0
-465812.0
-629030.0
-771020.0
-696878.0
-727341.0
-555418.0
-6200.0
12275.0
-360309.0
-636222.0
-495865.0
128692.0
134154.0
-339592.0
-452141.0
-556800.0
136825.0
510999.0
485872.0
296233.0
-393906.0
58953.0
-46316.0
-174709.0
-276976.0
-237589.0
-578054.0
-470729.0
-442916.0
-577870.0
-821459.0
-374258.0
99633.0
95059.0
-143855.0
-454774.0
-356143.0
206300.0
609305.0
536852.0
112930.0
3955.0
328066.0
49982.0
509802.0
535074.0
157137.0
254986.0
-102200.0
465574.0
756611.0
471962.0
-211944.0
18985.0
-119620.0
135213.0
-163114.0
-270629.0
132017.0
255458.0
77202.0
-375028.0
-331610.0
-319588.0
-480581.0
-753696.0
-439194.0
-227616.0
-19878.0
3528.0
-74339.0
145754.0
317631.0
-66836.0
-446292.0
-445639.0
-574571.0
-246477.0
-14395.0
-16583.0
-68922.0
66269.0
58479.0
434788.0
738145.0
620527.0
200056.0
22613.0
54714.0
-98429.0
39552.0
350931.0
354643.0
462041.0
78572.0
65022.0
131084.0
130185.0
-152824.0
-718673.0
-448073.0
-191823.0
272514.0
771644.0
671787.0
323108.0
-30424.0
-488721.0
-316963.0
-276330.0
-83203.0
196454.0
342489.0
257628.0
-42066.0
-9511.0
429325.0
181524.0
-323016.0
-36982.0
4899.0
-250123.0
-188381.0
-290919.0
-377538.0
-444315.0
-309490.0
-162758.0
420306.0
565402.0
744570.0
761229.0
329550.0
-342616.0
-268642.0
-168601.0
86171.0
-85338.0
-36693.0
48226.0
174729.0
-117524.0
-239105.0
-68504.0
-56951.0
-366858.0
-498852.0
-347196.0
-455132.0
-670951.0
-458270.0
-49947.0
95451.0
-99908.0
-566414.0
