# File created = Tuesday, December 10, 2024 2:28:43 PM CET
# Data set = 20241206_parallelHSQC  80  996  D:\Topspin\examdata
# Spectral Region:
# LEFT = 150.0 ppm. RIGHT = -0.006063719625899466 ppm.
#
# SIZE = 1024 ( = number of points)
#
# In the following ordering is from the 'left' to the 'right' limits!
# Lines beginning with '#' must be considered as comment lines.
#
2675768.0
2048492.0
1110340.0
2278492.0
3845000.0
4589420.0
4403760.0
3405888.0
1983388.0
1116104.0
2461776.0
3260856.0
3263404.0
2639788.0
1600528.0
426072.0
-314652.0
-450460.0
-631100.0
-463048.0
-205116.0
-33732.0
24532.0
-50828.0
-46348.0
-189544.0
-308844.0
-575300.0
-859740.0
-891132.0
-923956.0
-762768.0
-125636.0
457148.0
886060.0
1084088.0
1046816.0
648952.0
745376.0
1536088.0
2062620.0
2192420.0
1908724.0
1328616.0
352904.0
-706816.0
-978324.0
-547168.0
-472988.0
-872504.0
-1323868.0
-1125824.0
-1018848.0
-904736.0
-565144.0
220628.0
778160.0
997396.0
1091604.0
1037408.0
731752.0
215156.0
-457312.0
-792188.0
-35504.0
674356.0
898684.0
588512.0
-213512.0
-757948.0
-1228092.0
-1592388.0
-1656912.0
-1367892.0
-1087636.0
-928764.0
-884964.0
-592324.0
-409680.0
-490048.0
-747896.0
-842672.0
-828888.0
-318652.0
164744.0
470360.0
536936.0
340120.0
-105716.0
-364564.0
-397308.0
-529912.0
-713032.0
-872860.0
-989372.0
-1225144.0
-1163868.0
-1144604.0
-952776.0
-686668.0
-622580.0
-803748.0
-1228616.0
-1245920.0
-1128748.0
-1140768.0
-1205860.0
-860612.0
-669068.0
-643640.0
-784680.0
-940540.0
-892776.0
-510880.0
-411456.0
-424156.0
818380.0
1668904.0
1984168.0
1688380.0
786024.0
-637776.0
-1446816.0
-1353180.0
-1276188.0
-1229556.0
-1228836.0
-919784.0
-357932.0
220024.0
626464.0
792288.0
718184.0
432868.0
-15208.0
-568304.0
-1145576.0
-871464.0
-807812.0
-1004204.0
-1423656.0
-836752.0
275948.0
1151048.0
1554432.0
1298376.0
315416.0
650972.0
907660.0
1033200.0
970372.0
671996.0
116596.0
-389180.0
-129256.0
-41408.0
-174676.0
-538916.0
-824544.0
677000.0
1719804.0
2262968.0
2319256.0
1939812.0
1198328.0
178692.0
-594544.0
-481016.0
-322896.0
-326764.0
-148428.0
2104.0
48168.0
3776.0
-114888.0
-295452.0
-532680.0
-828428.0
-1188700.0
-1246344.0
-484604.0
106832.0
442244.0
483556.0
249736.0
-183976.0
-619328.0
-846936.0
-590492.0
-400132.0
-368996.0
-431464.0
-304780.0
-145852.0
-57876.0
-66036.0
-192664.0
-134588.0
306492.0
735440.0
1082592.0
1276300.0
1263096.0
1022236.0
976684.0
986332.0
878244.0
666028.0
472164.0
214188.0
-84596.0
-352780.0
-510200.0
-551440.0
-708480.0
-746260.0
-445300.0
-228888.0
-34164.0
-25528.0
-85560.0
62396.0
59884.0
459340.0
614016.0
169896.0
-604884.0
-609196.0
-150612.0
288516.0
800220.0
1168992.0
1353568.0
1344488.0
1372368.0
1838052.0
2151272.0
2331872.0
2289056.0
2048268.0
1670248.0
1238884.0
842844.0
633252.0
437320.0
430900.0
569688.0
789052.0
1120584.0
1855800.0
2653636.0
3446804.0
4152532.0
4680072.0
4947888.0
4908852.0
4575352.0
5009976.0
5509064.0
5975084.0
6455180.0
6912092.0
7320064.0
7750600.0
8848240.0
1.040838E7
1.2554936E7
1.5179976E7
1.792744E7
2.40904E7
8.9353604E7
1.97389828E8
3.492507E8
5.36447644E8
7.40674952E8
9.36204336E8
1.094635732E9
1.19090896E9
1.208993632E9
1.145668696E9
1.01130478E9
8.27420612E8
6.21718128E8
4.22003472E8
2.50647496E8
1.23580668E8
4.8681284E7
3.907436E7
3.2499144E7
2.7925884E7
2.5026412E7
2.3233808E7
2.2162512E7
2.1088532E7
1.9826604E7
1.839232E7
1.6893468E7
1.544402E7
1.4117748E7
1.3016724E7
1.2081228E7
1.1064796E7
1.0344576E7
9810248.0
9453104.0
9382728.0
9388036.0
9390472.0
9334088.0
9183996.0
8946628.0
8756256.0
8501360.0
8179512.0
7980404.0
7636096.0
7034392.0
6201232.0
5255132.0
4539484.0
3935880.0
3529692.0
3504804.0
3677972.0
3995008.0
4372972.0
4904652.0
5333520.0
5533656.0
5597868.0
5329920.0
4655760.0
3653744.0
2655020.0
1661804.0
1157492.0
808040.0
626968.0
278636.0
1606180.0
3017948.0
4199800.0
4713432.0
4173472.0
4083276.0
4601656.0
4808252.0
4715932.0
4373704.0
3852388.0
3275636.0
2731416.0
2185616.0
1680528.0
1250248.0
922636.0
719504.0
653728.0
754152.0
1086812.0
1506672.0
1980600.0
2445128.0
2752384.0
2853056.0
2730704.0
2401028.0
1903740.0
1290652.0
614568.0
-29924.0
-553928.0
-569352.0
-450644.0
-459784.0
-683964.0
-1080948.0
-1134948.0
-1325516.0
-969076.0
-720684.0
-570212.0
-526444.0
-531080.0
-710088.0
-937376.0
-276524.0
85248.0
190276.0
134584.0
50816.0
950524.0
1862028.0
2597224.0
3048192.0
3188828.0
2937024.0
2352928.0
1558872.0
712060.0
89020.0
601328.0
2273068.0
3476352.0
4016724.0
3765732.0
2714516.0
2447880.0
3055276.0
3271640.0
3089456.0
2770472.0
2137032.0
1410252.0
529204.0
288020.0
306900.0
-22976.0
-678204.0
-1503552.0
-1393144.0
-1560092.0
-1427272.0
-764228.0
-212856.0
201624.0
457352.0
535920.0
422764.0
214424.0
702792.0
1572960.0
2147676.0
2330992.0
2089348.0
1455880.0
520660.0
-589652.0
-1605524.0
-1581912.0
-1526296.0
-1393516.0
-1363292.0
-1426736.0
-1207164.0
-715472.0
-588896.0
-692580.0
-877828.0
-917036.0
-566652.0
-489796.0
-663968.0
-1022308.0
-1175432.0
-1065920.0
-944316.0
-869316.0
-917032.0
-830068.0
-806448.0
-768116.0
-845168.0
-1034276.0
-1312760.0
-714724.0
120464.0
773532.0
1245748.0
1430648.0
1280192.0
804484.0
102088.0
-730908.0
-386284.0
45068.0
359880.0
597824.0
765640.0
828532.0
855660.0
610264.0
476396.0
606152.0
467056.0
93992.0
-395036.0
-997604.0
-1209504.0
-1135012.0
-1060552.0
-1101120.0
-1255308.0
-1516076.0
-1229312.0
-222004.0
542692.0
943072.0
1044344.0
855868.0
460568.0
-36952.0
-311824.0
-2404.0
351180.0
546032.0
447556.0
-40180.0
-792388.0
-933580.0
-625448.0
-270756.0
-232216.0
-481600.0
-956156.0
-887376.0
-729384.0
-614288.0
-695484.0
-999660.0
-1157828.0
-1034628.0
-818056.0
-852780.0
-1078456.0
-1326744.0
-1048600.0
-834720.0
277916.0
1843684.0
3287204.0
4390980.0
4983548.0
4978504.0
4392604.0
3338036.0
1991284.0
547688.0
-825228.0
-1540444.0
-1429308.0
-1422196.0
-1573708.0
-1628580.0
-1240280.0
-968936.0
-797756.0
-457280.0
-244156.0
-408020.0
-123872.0
58900.0
72652.0
-67328.0
-330128.0
-648672.0
-944752.0
-948820.0
-1097840.0
-1113292.0
-1157588.0
-1369692.0
-1117008.0
-175304.0
889776.0
1838608.0
2538304.0
2891844.0
2862748.0
2482912.0
1840828.0
1345272.0
580472.0
612056.0
734656.0
842144.0
981952.0
1169928.0
1384796.0
1573312.0
1664388.0
1588196.0
1295248.0
770384.0
77896.0
-765728.0
-1353772.0
-1379272.0
-1494256.0
-1569124.0
-1343656.0
-1162000.0
-959016.0
-796432.0
-893676.0
-1014584.0
-758132.0
-559244.0
-120780.0
523616.0
803928.0
768976.0
1153248.0
1347164.0
1395260.0
1344512.0
1223760.0
1043072.0
858672.0
512292.0
-43304.0
-751812.0
-708392.0
-635200.0
-792400.0
-913052.0
-675148.0
-643884.0
-156028.0
230080.0
434784.0
374112.0
667928.0
684344.0
388616.0
364164.0
377756.0
164708.0
-274292.0
-900432.0
-986260.0
-873564.0
-813036.0
-227868.0
285336.0
673292.0
910912.0
1014632.0
974704.0
865156.0
705084.0
511212.0
282804.0
7028.0
-180872.0
21984.0
198020.0
419184.0
731640.0
1136540.0
1586544.0
1999620.0
2285292.0
2374092.0
2239580.0
2052940.0
1714184.0
1323176.0
882332.0
520864.0
599412.0
562316.0
898920.0
1009352.0
919676.0
687620.0
465592.0
180204.0
-163368.0
-554008.0
-807596.0
-894940.0
-926252.0
-921356.0
-779800.0
-543492.0
-138160.0
154388.0
284536.0
222036.0
-37968.0
-473720.0
-1040792.0
-1068084.0
-1057460.0
-1087004.0
-1155372.0
-1233760.0
-1252844.0
-1126652.0
-1127508.0
-1288460.0
-1151604.0
-908516.0
-892036.0
-1124268.0
-1233272.0
-1223692.0
-1283788.0
-1418396.0
-1188744.0
-1010932.0
-278292.0
41728.0
-80936.0
768552.0
1442708.0
1903360.0
2148856.0
2204260.0
2107448.0
1897184.0
1607212.0
1266988.0
1451624.0
1477720.0
1306816.0
947856.0
435284.0
179820.0
391732.0
518380.0
482280.0
291572.0
-23756.0
-359368.0
-678852.0
-847148.0
-888840.0
-837548.0
-576964.0
-530284.0
-713812.0
-469256.0
-245636.0
-316492.0
-612632.0
-314104.0
-256620.0
-498220.0
-977056.0
-801524.0
-715920.0
-777480.0
-628184.0
-266624.0
-143748.0
646052.0
2059120.0
2775840.0
2750880.0
2074520.0
946520.0
-375476.0
-453728.0
-635516.0
-1003256.0
-1039920.0
-955568.0
-638652.0
-321624.0
-225684.0
-302552.0
-217280.0
-772.0
194016.0
342552.0
428896.0
454432.0
438040.0
407868.0
388368.0
388496.0
396132.0
381432.0
307688.0
145344.0
233088.0
758304.0
1218436.0
1520568.0
1671960.0
1827696.0
1984360.0
2014872.0
2273764.0
2767668.0
2922076.0
2700592.0
2181680.0
3473312.0
4209960.0
4308824.0
3873020.0
3023540.0
1890428.0
1126060.0
1754964.0
1954124.0
1805848.0
1555248.0
1147488.0
607828.0
-30504.0
-434720.0
-240140.0
-137296.0
-132208.0
-200208.0
-360032.0
-605352.0
-437468.0
-238848.0
-43152.0
103512.0
167652.0
147672.0
78380.0
18292.0
25312.0
174172.0
733004.0
1237324.0
1629016.0
1740912.0
1494548.0
977264.0
893880.0
805140.0
736992.0
682280.0
602872.0
494176.0
433132.0
279416.0
88620.0
-200796.0
-467316.0
-666308.0
-833100.0
-1014516.0
-1071444.0
-937292.0
-732584.0
-503872.0
-452904.0
-491644.0
-751344.0
-884400.0
-680064.0
-600836.0
-676120.0
-665304.0
-468900.0
-409060.0
-538080.0
-873924.0
-594756.0
-452740.0
-603908.0
-665080.0
-624248.0
-791236.0
-714752.0
-719664.0
-857092.0
-895928.0
-832032.0
-867424.0
-964592.0
-1061828.0
-1192088.0
-1158620.0
-1330388.0
-930040.0
-833484.0
-946308.0
-860488.0
-175232.0
273804.0
481216.0
471084.0
286688.0
138016.0
-13780.0
-266812.0
-511140.0
-27144.0
141280.0
-9148.0
-174872.0
-280448.0
-640800.0
-660136.0
-727824.0
-907100.0
-1133860.0
-1045768.0
-978484.0
-329352.0
320332.0
827024.0
1342656.0
1580164.0
1565372.0
1387240.0
1144284.0
899544.0
911772.0
949664.0
859036.0
982844.0
887500.0
896552.0
826040.0
571648.0
377196.0
133956.0
-347304.0
-1043472.0
-1044720.0
-936380.0
-963496.0
-613872.0
-354392.0
-329424.0
-528720.0
-921220.0
-1119616.0
-1287100.0
-1160816.0
-764364.0
-482700.0
-320844.0
-264200.0
-276820.0
-378984.0
-548092.0
-670592.0
-788156.0
-884044.0
-933104.0
-741624.0
-428728.0
-305260.0
-290312.0
262228.0
839820.0
1267192.0
1528092.0
1606508.0
1494880.0
1206364.0
785212.0
309016.0
-110948.0
-404292.0
-466332.0
-290368.0
68336.0
484580.0
786500.0
795140.0
413672.0
-281612.0
-730872.0
-318348.0
-99104.0
-59376.0
-166328.0
-379000.0
-298320.0
-461604.0
-795468.0
-703824.0
-804276.0
-535872.0
-448548.0
-288360.0
39820.0
223796.0
225708.0
20224.0
-396980.0
-1002208.0
-1166360.0
-763444.0
-552420.0
-430504.0
-274404.0
19752.0
502100.0
1151304.0
1878840.0
2553256.0
3036048.0
3217756.0
3043468.0
2521356.0
1713892.0
830984.0
711532.0
842756.0
702708.0
617156.0
166560.0
-552092.0
897440.0
2987368.0
5178844.0
7072148.0
8322368.0
8728100.0
8543324.0
8224928.0
7460204.0
7631540.0
7579256.0
7143076.0
6284556.0
5056992.0
4286036.0
3933340.0
3704856.0
