# File created = Tuesday, December 10, 2024 2:43:00 PM CET
# Data set = 20241206_parallelHSQC  63  996  D:\Topspin\examdata
# Spectral Region:
# LEFT = 150.0 ppm. RIGHT = -0.006063719625899466 ppm.
#
# SIZE = 1024 ( = number of points)
#
# In the following ordering is from the 'left' to the 'right' limits!
# Lines beginning with '#' must be considered as comment lines.
#
2.615628E7
3.1793462E7
3.4034372E7
3.504739E7
3.3723018E7
2.8193002E7
2.0583872E7
1.4842216E7
1.3140726E7
1.2318536E7
1.2612768E7
1.6097652E7
2.048928E7
2.4848854E7
2.8329036E7
3.0689656E7
3.1281374E7
3.041204E7
2.7970714E7
2.4274082E7
1.9817568E7
1.5307154E7
1.1354636E7
8643890.0
8007174.0
7263492.0
6840778.0
6425688.0
5885930.0
5510416.0
5020788.0
4424626.0
3772426.0
3144486.0
2627758.0
2465268.0
2553564.0
2717290.0
2929572.0
3123714.0
3189422.0
3064840.0
2723082.0
2176636.0
1475112.0
894074.0
974072.0
1059352.0
1478530.0
1743968.0
1819414.0
1730384.0
1405416.0
899650.0
585218.0
255938.0
-85622.0
-336796.0
-516576.0
-624852.0
-633542.0
-566098.0
-426286.0
-257130.0
-97632.0
54416.0
211090.0
383062.0
569292.0
751698.0
896742.0
963336.0
914340.0
820252.0
634124.0
351896.0
95254.0
-249322.0
-649526.0
-1063706.0
-858768.0
-601016.0
-426782.0
-341656.0
-348486.0
-446960.0
-630100.0
-758332.0
-326176.0
143322.0
531202.0
802486.0
934860.0
896694.0
701082.0
383498.0
286124.0
513432.0
792300.0
897780.0
821980.0
608062.0
287076.0
-129102.0
-590410.0
-676106.0
-765216.0
-876386.0
-804866.0
-880690.0
-905980.0
-942622.0
-974232.0
-790056.0
-463248.0
-192596.0
-33424.0
48896.0
670438.0
1008576.0
979850.0
568664.0
-132890.0
-143658.0
-108094.0
27582.0
-33530.0
-48760.0
220422.0
458198.0
630390.0
695096.0
694678.0
547320.0
403658.0
335764.0
17000.0
-223264.0
-449608.0
-224372.0
-264004.0
-428432.0
-366802.0
-567990.0
-618542.0
-466480.0
217174.0
693408.0
892374.0
788252.0
405612.0
-184856.0
-487678.0
-812606.0
-919830.0
-840490.0
-698772.0
-613122.0
-714130.0
-449366.0
-295668.0
-326876.0
-503712.0
-769004.0
-940478.0
-1013372.0
-1092190.0
-818654.0
-554340.0
-155642.0
230964.0
433796.0
814648.0
1001124.0
1212864.0
1126352.0
748534.0
244632.0
-331458.0
-519430.0
-708058.0
-452010.0
-126940.0
-29762.0
233110.0
369952.0
306918.0
61882.0
-344528.0
-584018.0
-622812.0
-462174.0
-519738.0
-254292.0
-4194.0
59434.0
-32040.0
-235670.0
-185498.0
419300.0
837426.0
1020466.0
944874.0
616798.0
127028.0
76718.0
-178774.0
-397050.0
-178636.0
-46016.0
-3132.0
-29524.0
-201994.0
-473388.0
-540624.0
-475846.0
-347950.0
14102.0
237516.0
303184.0
327794.0
203394.0
-60752.0
-305130.0
-575106.0
-644266.0
-571642.0
-634058.0
-610718.0
-516270.0
-505328.0
-382838.0
-418390.0
-315136.0
4038.0
114192.0
301912.0
307898.0
423946.0
686874.0
847032.0
869718.0
762572.0
575258.0
240354.0
162008.0
643494.0
1048480.0
1309006.0
1373748.0
1237522.0
941062.0
487074.0
335562.0
457752.0
401684.0
14644.0
-149536.0
-136224.0
-161160.0
-145842.0
-155814.0
-212158.0
-253588.0
-123154.0
-29914.0
-268866.0
-262542.0
-190602.0
408860.0
892122.0
1205698.0
1337356.0
1294910.0
1164208.0
1045872.0
993154.0
829808.0
535748.0
148758.0
-272160.0
-336966.0
14058.0
457418.0
574300.0
385500.0
-49868.0
-472410.0
-312324.0
-295866.0
-75376.0
120364.0
10190.0
-47888.0
-211142.0
-336706.0
-232694.0
81612.0
218406.0
240334.0
245240.0
319124.0
340100.0
97352.0
34264.0
-205390.0
-410300.0
-467344.0
-527888.0
-380748.0
-145796.0
18022.0
160632.0
213746.0
158254.0
1780.0
-240746.0
-484084.0
-558602.0
-500720.0
-301980.0
-109536.0
-101488.0
-244592.0
-482470.0
-383990.0
-246276.0
-255682.0
-419638.0
-632854.0
-488408.0
-330112.0
-367110.0
-511684.0
-541224.0
-338402.0
-207002.0
-149044.0
-133970.0
-59310.0
34780.0
173516.0
370064.0
677838.0
991558.0
1611314.0
2410990.0
3219356.0
3993156.0
4668152.0
5167032.0
5426326.0
5518292.0
5522864.0
5507112.0
5694332.0
6178302.0
7135430.0
8618102.0
1.0500928E7
1.2276106E7
1.375936E7
1.5179938E7
1.7382552E7
2.2001146E7
3.1830986E7
4.9931016E7
7.956253E7
1.22875814E8
1.76014286E8
2.36848798E8
2.95927678E8
3.45037718E8
3.7664686E8
3.85565686E8
3.71289334E8
3.35786684E8
2.83529628E8
2.22277726E8
1.6031398E8
1.04970048E8
6.2735204E7
3.3455384E7
1.6915084E7
9602512.0
8722086.0
9401892.0
9897256.0
1.0486002E7
1.1865316E7
1.5152854E7
2.2008024E7
3.4519956E7
5.3409014E7
7.9909476E7
1.12425066E8
1.4720877E8
1.79877936E8
2.0564043E8
2.20296484E8
2.21756108E8
2.100364E8
1.85732392E8
1.5247577E8
1.1503476E8
7.8287446E7
4.7501624E7
2.4347402E7
1.5948922E7
2.1091964E7
2.3953242E7
2.4325154E7
2.2474838E7
1.9041292E7
1.4891032E7
1.0847694E7
7467736.0
5044466.0
3498850.0
3509340.0
3582492.0
3549998.0
3387338.0
3080470.0
2653206.0
2133620.0
1495432.0
799712.0
527592.0
211144.0
37538.0
35652.0
-26692.0
-196968.0
-435706.0
-708948.0
-950892.0
-851988.0
-712204.0
-686956.0
-847104.0
-1102958.0
-1104534.0
-817128.0
-282538.0
161456.0
492538.0
691066.0
746178.0
661408.0
456794.0
513936.0
936330.0
1240158.0
1395384.0
1373500.0
1153886.0
731050.0
220862.0
-406076.0
-676654.0
-546744.0
-441948.0
-557758.0
-846394.0
-494678.0
-215746.0
-185476.0
-369778.0
-496274.0
-463772.0
-319396.0
217386.0
1087242.0
1980884.0
2458874.0
2229336.0
2573484.0
3076928.0
3089604.0
2917200.0
2770770.0
2752274.0
3127534.0
4222882.0
5232370.0
5971886.0
6277536.0
6027266.0
5229372.0
4266498.0
4186632.0
4089850.0
4065630.0
4789944.0
5713308.0
6613252.0
7676690.0
9295426.0
1.2383464E7
1.6948698E7
2.4769182E7
3.629625E7
5.195942E7
7.1604524E7
9.4353104E7
1.19294036E8
1.43742282E8
1.65164106E8
1.81100074E8
1.89627154E8
1.90755194E8
1.83109258E8
1.67526372E8
1.46374156E8
1.21660664E8
9.5487624E7
7.0391852E7
7.1150108E7
8.9506124E7
1.05089314E8
1.1660562E8
1.23569048E8
1.25427274E8
1.21990354E8
1.1377671E8
1.01700936E8
8.6970982E7
7.0950088E7
5.4993482E7
5.1680064E7
5.298114E7
5.176433E7
4.8334508E7
4.3315526E7
3.7521522E7
3.3739164E7
4.0870082E7
4.7176642E7
5.1629138E7
5.3710832E7
5.6520798E7
5.6445712E7
5.3676384E7
4.8666106E7
4.202022E7
3.4661106E7
4.7825068E7
7.181757E7
9.9898152E7
1.29384254E8
1.57172224E8
1.8142158E8
1.98435704E8
2.05902224E8
2.02910862E8
1.909961E8
1.708835E8
1.45103522E8
1.16971738E8
9.0064652E7
6.5956556E7
4.6202672E7
3.1745608E7
2.1748472E7
1.5568352E7
1.1942044E7
9899258.0
8444724.0
7178410.0
5944590.0
4744006.0
3637742.0
2677704.0
1992302.0
1864178.0
1772790.0
1657828.0
1480756.0
1231036.0
922520.0
583544.0
245548.0
240740.0
555056.0
827528.0
1085076.0
1362484.0
1691866.0
2088658.0
2541488.0
3093834.0
3716944.0
4308130.0
5010268.0
5724774.0
6516036.0
7420078.0
8400962.0
9339076.0
1.0079434E7
1.0549132E7
1.0969902E7
1.1847218E7
1.4146406E7
1.9485206E7
3.0464184E7
5.0709058E7
8.3479252E7
1.29329644E8
1.85239116E8
2.44196106E8
2.9999002E8
3.4463263E8
3.70973372E8
3.75071584E8
3.5675647E8
3.20096298E8
2.69146104E8
2.11217432E8
1.5500517E8
1.05350074E8
6.649929E7
3.8977436E7
2.1140942E7
1.3253066E7
1.0229468E7
8806010.0
7896610.0
6992268.0
6012406.0
5184278.0
4526088.0
4059240.0
3747102.0
3509692.0
3275644.0
3017028.0
2752660.0
2643144.0
2626562.0
2612480.0
2555452.0
2411896.0
2167372.0
2065064.0
2089172.0
2384902.0
2788012.0
3115678.0
3565534.0
4837968.0
5263494.0
4890780.0
3893410.0
2519374.0
1846580.0
1664414.0
1471778.0
1538802.0
1554750.0
1503724.0
1403558.0
1226842.0
964596.0
719334.0
858326.0
840482.0
657042.0
343386.0
-28898.0
-284974.0
-134038.0
-227626.0
-102084.0
-58366.0
371964.0
791842.0
1130762.0
1343318.0
1413320.0
1348812.0
1187316.0
968326.0
661172.0
268018.0
-207242.0
-646668.0
-813386.0
-580234.0
-468784.0
-535644.0
-343562.0
-321178.0
-351308.0
-227324.0
-135300.0
46984.0
117338.0
69506.0
-90072.0
-344856.0
-605784.0
-469486.0
-341280.0
-421954.0
-688178.0
-355994.0
-34764.0
189126.0
248390.0
230572.0
27448.0
-280118.0
-412312.0
-425580.0
-76720.0
208948.0
384548.0
396704.0
202596.0
-213000.0
-688064.0
-907610.0
-846090.0
-853728.0
-904258.0
-982884.0
-890070.0
-621274.0
-306776.0
-147230.0
-161376.0
-170984.0
244870.0
461066.0
459220.0
247920.0
628498.0
7695438.0
2.0079404E7
3.799715E7
5.9388004E7
8.3175362E7
1.0572391E8
1.2331802E8
1.3319828E8
1.33812666E8
1.25179498E8
1.08871224E8
8.8699786E7
6.6730522E7
4.5776274E7
2.9057064E7
1.670767E7
9063996.0
4508046.0
3481176.0
2506040.0
1521612.0
1767732.0
1786420.0
1742038.0
1976952.0
1951874.0
1698746.0
1409908.0
893772.0
190218.0
53046.0
216214.0
451588.0
661308.0
861236.0
1045382.0
1188394.0
1364660.0
1438800.0
1379268.0
1184140.0
958524.0
1072476.0
973472.0
567636.0
-33350.0
-284384.0
-118114.0
-76678.0
-141508.0
-70138.0
105286.0
13846.0
-239226.0
85890.0
187498.0
95404.0
-141688.0
-221742.0
-24098.0
124910.0
330536.0
499584.0
650384.0
669690.0
545088.0
322420.0
99064.0
-150484.0
-249804.0
-192882.0
-306310.0
-578962.0
-538848.0
-64876.0
310702.0
529880.0
560334.0
448056.0
224646.0
-152978.0
-524834.0
-542806.0
-187140.0
45948.0
114182.0
2434.0
-272634.0
-327222.0
-115098.0
-13050.0
117168.0
262374.0
157312.0
-176950.0
-172680.0
-261620.0
-527952.0
-805298.0
-672220.0
-576624.0
-130176.0
142426.0
210320.0
67128.0
-165380.0
-172934.0
-235646.0
-374188.0
-267168.0
-223800.0
-412732.0
-828394.0
-975946.0
-814594.0
-718708.0
-778572.0
-698316.0
-413606.0
-204978.0
-136494.0
-228694.0
-476136.0
-651484.0
-672104.0
-632236.0
-179118.0
162024.0
343762.0
334386.0
126408.0
-124346.0
88404.0
166962.0
102198.0
90852.0
-18976.0
-9378.0
28394.0
-102646.0
-254438.0
-416686.0
-512092.0
-525474.0
-369816.0
-319614.0
-248108.0
-265838.0
-305662.0
-381404.0
21690.0
520574.0
793348.0
827622.0
847158.0
791608.0
654300.0
602896.0
640582.0
420164.0
-26742.0
-114590.0
168224.0
247636.0
132342.0
-110022.0
-56902.0
110294.0
246224.0
310898.0
313358.0
671286.0
1359980.0
2139094.0
2620992.0
2732504.0
2459290.0
1844680.0
976570.0
711588.0
575834.0
442946.0
284442.0
72212.0
-207990.0
-487774.0
-501600.0
-513972.0
-582640.0
-554494.0
-391926.0
-46516.0
100028.0
-26476.0
-68990.0
-99760.0
-185880.0
-268956.0
-392848.0
-442320.0
-260104.0
-304388.0
-199844.0
-80128.0
-266490.0
-405298.0
-258900.0
17864.0
46968.0
-161048.0
346842.0
742328.0
897714.0
802836.0
480184.0
-18130.0
-590998.0
-704164.0
-887748.0
-848944.0
-763172.0
-731980.0
-234444.0
293926.0
924472.0
1362854.0
1480972.0
1177228.0
892310.0
676080.0
322286.0
132466.0
270376.0
110196.0
-81082.0
-7432.0
-143704.0
-36504.0
140112.0
229966.0
273954.0
224314.0
77054.0
-156934.0
-218102.0
-115422.0
-42478.0
259834.0
680574.0
1092816.0
1527668.0
1882474.0
2141304.0
2304266.0
2448416.0
2544474.0
2658948.0
2827332.0
2989042.0
5420798.0
9069716.0
1.3091998E7
1.7014186E7
2.0375604E7
2.2491232E7
2.2926132E7
2.1495628E7
1.8321104E7
1.3817942E7
8618942.0
9795208.0
1.1785632E7
1.3165984E7
1.3029478E7
1.171531E7
1.1461246E7
1.3785824E7
1.5980732E7
1.7675676E7
1.8339056E7
1.7222244E7
1.9456658E7
2.4842912E7
3.3158804E7
4.028677E7
