# File created = Tuesday, December 10, 2024 2:42:49 PM CET
# Data set = 20241206_parallelHSQC  16  996  D:\Topspin\examdata
# Spectral Region:
# LEFT = 150.0 ppm. RIGHT = -0.006063719625899466 ppm.
#
# SIZE = 1024 ( = number of points)
#
# In the following ordering is from the 'left' to the 'right' limits!
# Lines beginning with '#' must be considered as comment lines.
#
1.4647979E7
1.265277E7
9982509.0
9139530.0
9270066.0
8788955.0
8471624.0
7566734.0
9859836.0
1.3269531E7
1.5451578E7
1.6238894E7
1.559646E7
1.4111479E7
1.2437318E7
1.0531714E7
8713807.0
7089636.0
5704443.0
4522887.0
3478589.0
2519512.0
1633265.0
976857.0
1144362.0
1141454.0
1026055.0
973778.0
764257.0
445791.0
88064.0
-179923.0
-410953.0
-623679.0
-841393.0
-949621.0
-736784.0
-677322.0
-764973.0
-1056956.0
-378128.0
587452.0
1277322.0
1617315.0
1556848.0
1134933.0
428656.0
-361310.0
-530090.0
-546041.0
-550401.0
-420664.0
-436318.0
-250249.0
-81213.0
47440.0
104867.0
58863.0
-116124.0
-430801.0
-510887.0
-582328.0
-522374.0
34407.0
309198.0
301361.0
5158.0
-528609.0
-855075.0
-523744.0
-416646.0
-556821.0
-842324.0
-636554.0
-398742.0
-240136.0
-147295.0
-31716.0
-119321.0
-397544.0
-703523.0
-381399.0
-216494.0
-131858.0
-79514.0
-86222.0
-173817.0
-227466.0
-145726.0
-88282.0
-97652.0
30144.0
150599.0
61086.0
-222973.0
-260101.0
-324261.0
233138.0
660170.0
919019.0
977917.0
816203.0
432391.0
417733.0
569156.0
534703.0
268316.0
116723.0
56030.0
-114148.0
-366065.0
-373278.0
-301880.0
-166753.0
-241842.0
-510435.0
-413563.0
-291070.0
-156434.0
-2198.0
112648.0
82428.0
-65794.0
-279152.0
-121305.0
-79488.0
-42274.0
-179500.0
83769.0
125701.0
-59948.0
-330698.0
-116115.0
-157316.0
-371618.0
-342037.0
-126996.0
52091.0
49186.0
-149493.0
-129162.0
-278953.0
117886.0
545936.0
839607.0
932841.0
777671.0
825835.0
1223074.0
1368205.0
1200370.0
705587.0
514764.0
364476.0
335130.0
111835.0
-95901.0
-31965.0
16940.0
247317.0
339911.0
285786.0
89614.0
126005.0
790674.0
1299506.0
1532955.0
1426638.0
970303.0
214554.0
-102397.0
-220963.0
8024.0
111122.0
137066.0
23805.0
-123337.0
-27984.0
44059.0
-39875.0
82051.0
71120.0
-129171.0
-182760.0
-354892.0
-471207.0
-377318.0
-321036.0
-183372.0
-176027.0
-317121.0
-510724.0
-335884.0
-128043.0
-24613.0
-29261.0
-42677.0
-7822.0
-160817.0
111417.0
440053.0
622548.0
607065.0
367912.0
-85573.0
213099.0
382812.0
292639.0
138615.0
-106205.0
-258453.0
-187176.0
-212740.0
-192104.0
22507.0
133708.0
169259.0
62577.0
20057.0
8655.0
90768.0
291128.0
304817.0
163186.0
-108290.0
-366690.0
-104620.0
458439.0
931534.0
1212694.0
1468980.0
1569421.0
1422805.0
1061447.0
588228.0
447159.0
199884.0
-206435.0
-242816.0
-152620.0
-19231.0
106420.0
281065.0
480049.0
602959.0
620199.0
539134.0
434007.0
213986.0
-121386.0
-470600.0
-287218.0
-254617.0
-347668.0
-532563.0
-284086.0
-100659.0
-108809.0
-300555.0
-657727.0
-882797.0
-658624.0
-370377.0
-182575.0
-76883.0
-92502.0
111722.0
127226.0
-61770.0
-401035.0
-397442.0
-56773.0
240973.0
329020.0
272394.0
73431.0
-226601.0
-291925.0
-137790.0
345301.0
637056.0
711257.0
577804.0
277640.0
-87851.0
-530293.0
-755580.0
-510458.0
-453582.0
-605343.0
-948925.0
-1094386.0
-980163.0
-993051.0
-1143905.0
-1363187.0
-1350300.0
-1371861.0
-1368875.0
-1529362.0
-1570035.0
-1165213.0
-811411.0
-546491.0
-384951.0
-337700.0
-474001.0
-563997.0
-323271.0
-84444.0
131555.0
332268.0
461848.0
569775.0
560961.0
439998.0
218878.0
-73128.0
-397214.0
-717647.0
-1008132.0
-1115893.0
-1178762.0
-1385895.0
-1230109.0
-864075.0
-406553.0
21194.0
416274.0
723679.0
962169.0
1159578.0
1339979.0
1513261.0
1670697.0
1787995.0
1834565.0
1785637.0
1632896.0
1390137.0
1208037.0
1471289.0
2032622.0
2464502.0
2778157.0
3072714.0
3417383.0
3802057.0
4234518.0
4700743.0
5168283.0
5599843.0
5974735.0
6234891.0
6366718.0
6369336.0
6579980.0
6690594.0
6704091.0
6704992.0
6834354.0
7392396.0
8511778.0
1.024702E7
1.2837994E7
1.6863101E7
2.7852256E7
4.397643E7
6.5768582E7
9.097652E7
1.18975557E8
1.45381053E8
1.66457558E8
1.79542152E8
1.84069113E8
1.77524389E8
1.60871185E8
1.3889441E8
1.12204715E8
8.6540263E7
6.3295014E7
4.4469849E7
3.0965126E7
2.2282887E7
1.7296979E7
1.4268131E7
1.2105969E7
1.0548656E7
9336759.0
8305836.0
7271401.0
1.0626721E7
1.7931961E7
2.806225E7
4.0828696E7
5.5838309E7
7.1107712E7
8.6224182E7
9.7861188E7
1.05238778E8
1.07062265E8
1.02149078E8
9.1151991E7
7.6203453E7
5.9952933E7
4.3145271E7
2.769647E7
1.6249229E7
8074362.0
5999647.0
4412074.0
3239324.0
2530892.0
2010615.0
1549126.0
1064547.0
529959.0
471968.0
554787.0
585799.0
545477.0
437377.0
376847.0
287725.0
186149.0
85963.0
-4963.0
-85933.0
-149366.0
-131661.0
-156064.0
-214458.0
-395976.0
-672585.0
-639367.0
-742696.0
-904779.0
-1010065.0
-545440.0
-81119.0
272538.0
477797.0
521785.0
471745.0
411399.0
310970.0
404329.0
504196.0
620900.0
658233.0
536008.0
244257.0
-127258.0
136768.0
317557.0
429038.0
581454.0
812045.0
1117113.0
1359466.0
1483872.0
1562627.0
1483787.0
1209078.0
756556.0
172628.0
-438204.0
-893704.0
-987261.0
-746539.0
-428217.0
-6771.0
618374.0
1314451.0
1964256.0
2489586.0
2852080.0
3033551.0
3108962.0
3105051.0
2940380.0
2807434.0
2804175.0
3260625.0
3848463.0
4496904.0
5188388.0
5906854.0
6736873.0
7550320.0
8328815.0
9110189.0
9955179.0
1.0839274E7
1.1808851E7
1.2920032E7
1.4261426E7
1.6021983E7
1.8660982E7
2.2497873E7
2.8389454E7
3.6642877E7
4.764321E7
6.1752069E7
7.8542614E7
9.6785244E7
1.1485553E8
1.31426642E8
1.44338499E8
1.51485718E8
1.51709622E8
1.44710882E8
1.32636013E8
1.15387103E8
9.4780115E7
7.4323003E7
6.1034074E7
6.4320483E7
7.3772088E7
8.1111513E7
8.5565807E7
8.6471819E7
8.4923159E7
7.9920253E7
7.2384019E7
6.3024867E7
5.2061414E7
4.1155887E7
3.0992846E7
3.0078522E7
3.154181E7
3.1173021E7
2.88516E7
2.490484E7
2.1942313E7
2.7298208E7
3.2879233E7
3.7716044E7
4.1172166E7
4.2743991E7
4.2155776E7
3.9409929E7
3.51146E7
3.3442297E7
4.3231816E7
5.5376132E7
6.9741442E7
8.6205283E7
1.03352497E8
1.19670493E8
1.33477396E8
1.44027885E8
1.48790148E8
1.46781282E8
1.39045253E8
1.25194125E8
1.08090423E8
8.9269777E7
7.1124676E7
5.558326E7
4.396176E7
3.6635347E7
3.1347971E7
2.6589218E7
2.2530981E7
1.9106882E7
1.6319747E7
1.409264E7
1.233252E7
1.1023572E7
1.0000662E7
9242917.0
8585037.0
7957519.0
7299491.0
6562972.0
5719588.0
4766245.0
4966444.0
5558483.0
6043985.0
6405580.0
6650776.0
6833596.0
7131109.0
7607779.0
8228242.0
8951620.0
9676749.0
1.0517588E7
1.148498E7
1.2704133E7
1.4122988E7
1.5701058E7
1.7493671E7
1.9548051E7
2.1863756E7
2.436824E7
2.6932507E7
2.9441112E7
3.190846E7
3.4606047E7
3.814433E7
4.3449619E7
5.1597724E7
6.3509955E7
7.9571426E7
9.971523E7
1.22773873E8
1.45704323E8
1.65057198E8
1.77217856E8
1.79166107E8
1.86357825E8
1.91775935E8
1.86656533E8
1.72112353E8
1.51429336E8
1.32723054E8
1.17228341E8
1.02599215E8
8.9518633E7
7.699378E7
6.4787582E7
5.3747301E7
4.4611857E7
3.7519187E7
3.2297996E7
2.8504392E7
2.5675268E7
2.3434367E7
2.1541632E7
1.98807E7
1.8411193E7
1.711593E7
1.6029817E7
1.5123056E7
1.4185249E7
1.3151363E7
1.2000858E7
1.0763935E7
9610366.0
8795923.0
8694001.0
8708864.0
8615222.0
8367143.0
7970515.0
7471560.0
6940435.0
6448002.0
6050410.0
5785432.0
5855513.0
5755327.0
5510088.0
5113328.0
4555273.0
4057054.0
3496178.0
2931944.0
2498084.0
2203911.0
2030552.0
1940838.0
1905974.0
1896034.0
1888811.0
1879214.0
1916569.0
1944950.0
1964482.0
1974421.0
1970559.0
1944934.0
1887673.0
1790110.0
1647974.0
1468919.0
1337004.0
1172808.0
977343.0
762581.0
551425.0
555562.0
595315.0
614806.0
652531.0
739265.0
882962.0
1059970.0
1268651.0
1378094.0
1317518.0
1050417.0
585745.0
50834.0
-223627.0
-467798.0
-659731.0
-765085.0
-837591.0
-965277.0
-1142111.0
-744486.0
-158868.0
385737.0
825088.0
1112295.0
1310129.0
1361013.0
1255387.0
1054636.0
941944.0
845821.0
961761.0
1154949.0
1442687.0
1697642.0
1893841.0
2006794.0
2017418.0
1917332.0
1727500.0
1602219.0
1792567.0
2034543.0
2352382.0
2817737.0
3393179.0
4071268.0
4771023.0
5455056.0
6157929.0
6948616.0
8096137.0
9933824.0
1.2748004E7
1.6645381E7
2.1511164E7
2.6849934E7
3.1750515E7
3.5708541E7
3.9570691E7
4.0958838E7
4.0393432E7
3.6647477E7
3.0468556E7
2.3541157E7
1.6286128E7
1.4235951E7
1.1691033E7
8678011.0
5622781.0
3210622.0
2600174.0
2136616.0
1800479.0
1581077.0
1446506.0
1382553.0
1411710.0
1355881.0
1148503.0
744538.0
128992.0
-242266.0
-272936.0
-388360.0
-527456.0
-609169.0
-551632.0
-275704.0
-128390.0
-141097.0
-303720.0
-501631.0
-742308.0
-585333.0
-585912.0
-643702.0
-413291.0
-160490.0
64060.0
202222.0
214362.0
117955.0
-161533.0
-610865.0
-532227.0
-537770.0
-612236.0
-731569.0
-867480.0
-735842.0
-447696.0
-217549.0
35215.0
298913.0
601602.0
819702.0
931367.0
944232.0
829946.0
615700.0
351899.0
91485.0
-157448.0
-382827.0
-585446.0
-775441.0
-966841.0
-680970.0
-322688.0
-191850.0
-309393.0
-663730.0
-615917.0
-588057.0
-779798.0
-1059785.0
-689668.0
-326749.0
-79600.0
304637.0
608623.0
815528.0
910406.0
880689.0
719141.0
428320.0
24403.0
-433156.0
-271739.0
-175055.0
-175735.0
-242492.0
-243493.0
-262288.0
-126748.0
-21392.0
-150244.0
-272359.0
-386801.0
-271185.0
-66741.0
-114665.0
-390397.0
-843695.0
-931532.0
-768229.0
-698943.0
-385653.0
-64077.0
122430.0
360207.0
641255.0
872737.0
943630.0
817553.0
501747.0
72170.0
126848.0
-47889.0
-413999.0
-624478.0
-279629.0
-111545.0
-130397.0
-302557.0
-119710.0
88256.0
169478.0
90436.0
-114106.0
-322958.0
-592683.0
-546548.0
-531395.0
-376723.0
-386046.0
-194821.0
-52775.0
-57091.0
-224478.0
-432896.0
-46850.0
335043.0
529366.0
480050.0
211545.0
150668.0
16541.0
-239781.0
-562972.0
-608744.0
-719082.0
-888948.0
-801731.0
-603228.0
-186363.0
342430.0
683381.0
819266.0
769418.0
578971.0
302705.0
-10970.0
-175537.0
-205143.0
207119.0
485600.0
594320.0
532280.0
297771.0
-126031.0
-246708.0
-14259.0
55431.0
-29774.0
177001.0
186321.0
-20722.0
-349969.0
-253937.0
-285479.0
-465076.0
-349465.0
-177849.0
-41539.0
108187.0
212982.0
181512.0
18237.0
-85773.0
-184355.0
-278163.0
-434337.0
-237072.0
-194054.0
-309604.0
-569850.0
-733924.0
-343610.0
-301052.0
-420375.0
-211702.0
-99104.0
-114309.0
6202.0
282290.0
418573.0
356110.0
66740.0
134901.0
517482.0
774586.0
878829.0
820063.0
612782.0
297600.0
-64527.0
272459.0
325845.0
99342.0
-419092.0
-605595.0
-373897.0
-119094.0
129938.0
254532.0
245280.0
57977.0
-276383.0
-570500.0
-595859.0
-850104.0
-862245.0
-869862.0
-886755.0
-727604.0
-730646.0
-367304.0
110959.0
498648.0
753024.0
879808.0
904148.0
864171.0
803328.0
764320.0
786092.0
903118.0
1172603.0
1626637.0
2154821.0
2694755.0
3318308.0
3850270.0
4291199.0
4459049.0
4267693.0
3572918.0
2375216.0
1162434.0
-1418.0
1844404.0
5188043.0
8329844.0
1.1240748E7
1.3513804E7
1.4444004E7
1.3688794E7
1.1428523E7
1.6624095E7
2.2275756E7
2.7110476E7
3.0516857E7
3.2093997E7
3.1742677E7
2.9695744E7
2.6475159E7
2.2779985E7
1.932763E7
