# File created = Tuesday, December 10, 2024 2:12:12 PM CET
# Data set = 20241206_parallelHSQC  63  995  D:\Topspin\examdata
# Spectral Region:
# LEFT = 10.0 ppm. RIGHT = 0.002576844041229265 ppm.
#
# SIZE = 2048 ( = number of points)
#
# In the following ordering is from the 'left' to the 'right' limits!
# Lines beginning with '#' must be considered as comment lines.
#
-1030552.0
-921082.0
-925124.0
-1073916.0
-949046.0
-986310.0
-1328658.0
-935956.0
-486600.0
55776.0
102226.0
-492714.0
-543974.0
-339718.0
-184856.0
-128312.0
-101562.0
-130794.0
-155868.0
-130658.0
-58164.0
90552.0
308634.0
527792.0
735332.0
968378.0
992288.0
670662.0
332736.0
6454.0
-228904.0
-38074.0
-258708.0
-58926.0
46824.0
269450.0
538630.0
714000.0
642788.0
284936.0
357030.0
847240.0
928044.0
606406.0
-67386.0
-270606.0
151870.0
99760.0
-346436.0
-494068.0
-462242.0
-215426.0
-74146.0
-127510.0
71332.0
592254.0
835168.0
788240.0
607742.0
508726.0
534638.0
730726.0
1069826.0
1453710.0
1722248.0
1702838.0
1304426.0
601406.0
-49656.0
-503170.0
-374264.0
-570038.0
-205276.0
301028.0
615852.0
879390.0
1054146.0
1107068.0
977420.0
662748.0
277990.0
13218.0
16340.0
303876.0
773722.0
1290426.0
1748750.0
2084082.0
2152408.0
1891616.0
1309068.0
536018.0
-120826.0
-571902.0
-484100.0
-751624.0
-581168.0
-328608.0
-17830.0
178400.0
109120.0
-243296.0
-749058.0
-645344.0
-803976.0
-1242960.0
-622144.0
-165740.0
-429272.0
-273160.0
-203710.0
-100472.0
58768.0
231686.0
364428.0
424516.0
417870.0
364840.0
302242.0
212126.0
35560.0
-201478.0
-362982.0
-399998.0
-323394.0
-213318.0
-91644.0
125566.0
522048.0
1068336.0
1677860.0
2196596.0
2463116.0
2380418.0
1966608.0
1356268.0
740472.0
269232.0
43984.0
74516.0
41220.0
-235330.0
-525908.0
-723926.0
-655488.0
-532420.0
-464222.0
-413950.0
-293252.0
-96342.0
59910.0
26352.0
-204614.0
-548232.0
-929322.0
-1047168.0
-579812.0
-661240.0
-544240.0
-315624.0
226828.0
740024.0
1116204.0
1297124.0
1291366.0
1141640.0
888730.0
638496.0
376584.0
158984.0
79200.0
233824.0
467184.0
692864.0
870578.0
979390.0
957646.0
706474.0
226004.0
-129092.0
33086.0
10208.0
-15298.0
51040.0
-5780.0
-344224.0
-971968.0
-872084.0
102034.0
1086196.0
1818308.0
2025530.0
1570242.0
559788.0
-304168.0
-727316.0
-903990.0
-876522.0
-983080.0
-340174.0
254766.0
639472.0
792132.0
648310.0
173628.0
-583154.0
-1086064.0
-887692.0
-1113462.0
-1195640.0
-1189208.0
-716602.0
-460894.0
-429940.0
-481504.0
-669870.0
-940088.0
-1075812.0
-1080042.0
-652866.0
-152382.0
258006.0
474812.0
551562.0
551528.0
600526.0
698128.0
746988.0
683818.0
519816.0
303516.0
53706.0
-249846.0
-607676.0
-949854.0
-1091322.0
-1130186.0
-942706.0
-574078.0
-128750.0
305176.0
593996.0
568236.0
124312.0
-613336.0
-884896.0
-804480.0
-540172.0
-623962.0
-636802.0
-1070.0
262754.0
302026.0
369264.0
548466.0
751284.0
790314.0
539130.0
66444.0
-374200.0
-634642.0
-369860.0
-292542.0
-681668.0
-846914.0
-865078.0
-735214.0
-500636.0
-324846.0
-325202.0
-458992.0
-630422.0
-665710.0
-707760.0
-859748.0
-1065784.0
-1008392.0
-716436.0
-614228.0
-833420.0
-1064264.0
-825070.0
-691318.0
-170476.0
576920.0
1143034.0
1465188.0
1502960.0
1383576.0
1159882.0
868092.0
602578.0
263172.0
-41192.0
-93516.0
224212.0
808858.0
1355484.0
1625414.0
1538670.0
1337554.0
1002308.0
592486.0
94768.0
-510232.0
-915758.0
-747930.0
-906872.0
-867174.0
-1154120.0
-1385326.0
-1775052.0
-1860610.0
-1530650.0
-1200968.0
-655074.0
-332116.0
-152548.0
-170246.0
-373556.0
-649450.0
-820824.0
-904976.0
-964372.0
-1105776.0
-1337760.0
-552538.0
-121024.0
-335648.0
-1183912.0
-787174.0
-194140.0
269282.0
450954.0
417664.0
277318.0
137304.0
167930.0
339648.0
484254.0
474686.0
290026.0
-83808.0
-703264.0
-1357018.0
-1510636.0
-1514484.0
-1609490.0
-1483048.0
-1164194.0
-763702.0
-494786.0
-606218.0
-268688.0
55206.0
152044.0
-371084.0
-704298.0
-665900.0
-734144.0
-972362.0
-1469574.0
-1388438.0
-1580876.0
-1673174.0
-1216914.0
-787104.0
-666204.0
-899000.0
-1343260.0
-1059714.0
-244712.0
261714.0
367452.0
113676.0
364782.0
513976.0
380594.0
195920.0
-51354.0
-196126.0
-268096.0
-269770.0
-222684.0
-121062.0
60142.0
369800.0
604848.0
665712.0
591310.0
429932.0
315778.0
351084.0
456908.0
473250.0
214954.0
-274422.0
-750922.0
-991154.0
-856562.0
-850900.0
-863650.0
-702180.0
-509826.0
-374706.0
-374780.0
-215024.0
140276.0
202906.0
-46392.0
-470382.0
-439374.0
-1027760.0
-862170.0
-565102.0
-303770.0
13354.0
177504.0
319228.0
486684.0
649342.0
583858.0
990182.0
1236966.0
1159216.0
779164.0
303396.0
-15460.0
-46316.0
147042.0
372114.0
452596.0
339012.0
260990.0
518094.0
489356.0
199186.0
-211690.0
-486344.0
-134530.0
-206944.0
330776.0
613402.0
1538204.0
1941310.0
1687990.0
873720.0
-229832.0
-730552.0
-496810.0
148214.0
825034.0
1209304.0
1207756.0
802018.0
14286.0
-395194.0
-710162.0
36612.0
835192.0
1346320.0
1361662.0
894496.0
136826.0
-333908.0
-752658.0
-976000.0
-796774.0
-568962.0
-479914.0
-226572.0
-454826.0
-526972.0
-597742.0
-421252.0
-257518.0
190240.0
591868.0
809184.0
818244.0
534888.0
115846.0
-253420.0
-350244.0
-139350.0
384408.0
898914.0
1153294.0
952856.0
431876.0
-167262.0
-549436.0
-497732.0
40666.0
756084.0
1273772.0
1490974.0
1483268.0
1292874.0
951632.0
458024.0
-95068.0
-462910.0
-363552.0
243040.0
1081122.0
1687288.0
1694984.0
1058310.0
128072.0
-484280.0
-437092.0
-85530.0
381218.0
733510.0
858694.0
745354.0
460832.0
82570.0
-102576.0
-3342.0
331884.0
748042.0
929112.0
824442.0
787982.0
1035404.0
1711932.0
2385096.0
2733008.0
2634582.0
2368628.0
2099162.0
1895060.0
1607986.0
1210556.0
822168.0
584086.0
706702.0
1220328.0
1889988.0
2395978.0
2480680.0
2063224.0
1259156.0
320088.0
-168900.0
-401616.0
-892044.0
-871106.0
-882562.0
-850354.0
-754432.0
-503380.0
-113488.0
321906.0
615068.0
619616.0
483324.0
281008.0
60554.0
27688.0
465826.0
649022.0
610850.0
356216.0
504678.0
708960.0
893184.0
1021112.0
991962.0
785668.0
481566.0
290568.0
262310.0
383710.0
585496.0
778204.0
902980.0
971328.0
972030.0
885048.0
734084.0
574972.0
505254.0
490488.0
449064.0
295264.0
506536.0
1209168.0
1886160.0
2314028.0
2357968.0
1854402.0
918380.0
1229176.0
1442392.0
1388258.0
1110594.0
799304.0
674746.0
857248.0
1315090.0
1913624.0
2505578.0
2984480.0
3280040.0
3340418.0
3149742.0
2769364.0
2340394.0
2009838.0
2106762.0
2573838.0
2988858.0
3231402.0
3230930.0
2944610.0
2412710.0
2134274.0
2657990.0
2813600.0
2616280.0
2290002.0
1997082.0
2232656.0
2655280.0
3140854.0
3598728.0
3820474.0
3747710.0
3296518.0
2391862.0
2413624.0
2786118.0
2876852.0
2626864.0
2539960.0
2665590.0
2606062.0
2448152.0
2387588.0
2399114.0
2463380.0
2509654.0
2478722.0
2397106.0
2267630.0
2203564.0
2335944.0
2577766.0
2863708.0
3167188.0
3552568.0
3961200.0
4254864.0
4301334.0
4098478.0
3604934.0
3019068.0
2638640.0
2695544.0
3219964.0
4039344.0
4999884.0
5964694.0
6849222.0
7719110.0
8615968.0
9526546.0
1.0428886E7
1.1330132E7
1.2278304E7
1.3455632E7
1.5420144E7
1.9327824E7
2.6823544E7
3.9504468E7
5.827762E7
8.3056302E7
1.12834442E8
1.45683222E8
1.78325994E8
2.05726106E8
2.21711868E8
2.21146854E8
2.03575506E8
1.72608514E8
1.34917328E8
9.8824268E7
6.996913E7
4.9867902E7
3.6896542E7
2.8406702E7
2.232303E7
1.7548604E7
1.36269E7
1.0427706E7
7899940.0
6139672.0
5196152.0
4853886.0
4733774.0
4562984.0
3985738.0
3180008.0
3153610.0
3141304.0
3030890.0
3031236.0
3337844.0
3833508.0
4393084.0
4828488.0
5015606.0
4980924.0
4871304.0
4830372.0
4888532.0
4955910.0
4908058.0
4676098.0
4271512.0
3756904.0
3220460.0
3198348.0
3085128.0
2794362.0
3310760.0
3930316.0
4323304.0
4343074.0
4071062.0
3766880.0
3694394.0
3945906.0
4389932.0
4777430.0
4925712.0
4896852.0
4722922.0
4692706.0
4864882.0
5114018.0
5297918.0
5387810.0
5505284.0
5809328.0
6340992.0
6974626.0
7521962.0
7958350.0
8266056.0
8612672.0
9176956.0
1.0000444E7
1.0954722E7
1.1829444E7
1.2507788E7
1.3133728E7
1.4125878E7
1.5936804E7
1.8641174E7
2.1646072E7
2.3827562E7
2.4109202E7
2.2111954E7
1.8383512E7
1.7045418E7
2.0932154E7
2.287262E7
2.2688644E7
2.1021322E7
1.9041452E7
1.7823708E7
1.885476E7
2.1061402E7
2.3172206E7
2.4713448E7
2.5734276E7
2.662993E7
2.778167E7
2.9303728E7
3.102316E7
3.2620332E7
3.3797466E7
3.440754E7
3.4536712E7
3.4518948E7
3.483088E7
3.5858402E7
3.7637404E7
3.9741084E7
4.1425426E7
4.1981098E7
4.341943E7
6.5032278E7
9.4713578E7
1.32023112E8
1.76333326E8
2.26257532E8
2.78373568E8
3.2670829E8
3.64058008E8
3.845482E8
3.85621076E8
3.68197466E8
3.354651E8
2.91735904E8
2.42660242E8
1.94231424E8
1.5064917E8
1.15616868E8
8.9878236E7
7.1621232E7
5.8162412E7
4.7561736E7
3.9073602E7
3.2538332E7
2.7659064E7
2.3869004E7
2.0674204E7
1.7916488E7
1.574538E7
1.423918E7
1.3082722E7
1.2006592E7
1.086353E7
9811086.0
9945286.0
1.171956E7
1.3250346E7
1.4323312E7
1.48985E7
1.5007124E7
1.4661114E7
1.3829594E7
1.247736E7
1.0627764E7
8405384.0
8257226.0
8294646.0
9324344.0
1.002858E7
1.035005E7
1.0455652E7
1.0635294E7
1.1103048E7
1.1870158E7
1.2778198E7
1.362543E7
1.4260092E7
1.459636E7
1.4611536E7
1.4376394E7
1.4076584E7
1.3941734E7
1.4085772E7
1.4386012E7
1.4535638E7
1.4262034E7
1.3546482E7
1.266567E7
1.2059012E7
1.2165316E7
1.2558598E7
1.290352E7
1.2840166E7
1.2493276E7
1.1693824E7
1.0525738E7
9711950.0
1.0054464E7
1.0945546E7
1.1890618E7
1.2843024E7
1.397905E7
1.5457872E7
1.6755832E7
1.7850696E7
1.8846048E7
1.94945E7
1.926415E7
1.804665E7
1.6037268E7
1.4613404E7
1.3617714E7
1.227959E7
1.1041504E7
1.0313378E7
1.0253972E7
1.0689986E7
1.1235268E7
1.1540284E7
1.1829326E7
1.2316756E7
1.3302896E7
1.484991E7
1.6928168E7
1.957201E7
2.2573506E7
2.6826388E7
3.0852814E7
3.3903096E7
3.579068E7
3.6709716E7
3.7047448E7
3.7112414E7
3.696122E7
3.6421358E7
3.5261022E7
3.34238E7
3.1648024E7
2.9535962E7
2.73264E7
2.522438E7
2.330608E7
2.1470846E7
1.98729E7
1.7829744E7
1.5179856E7
1.2402978E7
1.0755376E7
9331458.0
7991440.0
6554046.0
5952908.0
6462430.0
7996066.0
1.190699E7
1.5246664E7
1.7262038E7
1.789168E7
1.7276194E7
1.5807954E7
1.4032068E7
1.2404292E7
1.1089464E7
1.0019504E7
1.0354024E7
1.1083834E7
1.198487E7
1.314067E7
1.449178E7
1.5943966E7
1.7882498E7
2.160417E7
2.8983768E7
4.1405608E7
5.9551858E7
8.2520314E7
1.09775294E8
1.42176924E8
1.80213704E8
2.21520884E8
2.6023363E8
2.89669372E8
3.06440806E8
3.12194444E8
3.1182643E8
3.07032954E8
2.97016382E8
2.80028402E8
2.57835542E8
2.37414254E8
2.24726498E8
2.22585504E8
2.28236248E8
2.35975024E8
2.41196706E8
2.42181698E8
2.38829946E8
2.30719728E8
2.17017738E8
1.98197158E8
1.77351854E8
1.59386292E8
1.4864476E8
1.47007578E8
1.53776782E8
1.67680636E8
1.85698572E8
2.05307172E8
2.24532802E8
2.4190758E8
2.57447734E8
2.72537622E8
2.88111476E8
3.05755746E8
3.2567609E8
3.46022226E8
3.63322408E8
3.73905096E8
3.75523666E8
3.68159302E8
3.5346671E8
3.33817854E8
3.10288928E8
2.8208426E8
2.49491638E8
2.1424559E8
1.79556218E8
1.48849202E8
1.24201924E8
1.05662126E8
9.1822702E7
8.1017102E7
7.2557532E7
6.5692304E7
6.0213662E7
5.5869144E7
5.2285742E7
4.9175394E7
4.6444324E7
4.4336806E7
4.2876708E7
4.1668216E7
4.0561476E7
3.9485228E7
3.8443282E7
3.7436632E7
3.8592972E7
5.8198722E7
7.9227364E7
1.0004695E8
1.1830855E8
1.30709198E8
1.33923596E8
1.26919662E8
1.11078094E8
9.0359582E7
7.005592E7
5.367146E7
5.5543246E7
5.7017052E7
5.659491E7
5.385495E7
5.8432184E7
7.5887298E7
9.4581602E7
1.13734816E8
1.33217336E8
1.51743962E8
1.67720736E8
1.80005074E8
1.87912902E8
1.91228622E8
1.90053928E8
1.85126348E8
1.75465454E8
1.6190814E8
1.46110364E8
1.30191306E8
1.19593462E8
1.37270358E8
1.56053766E8
1.7365774E8
1.88034186E8
1.98236104E8
2.04858714E8
2.06401218E8
2.02418804E8
1.9291383E8
1.78868638E8
1.62139132E8
1.44664396E8
1.2765868E8
1.11465716E8
9.6088866E7
8.1792442E7
6.9207826E7
5.8942788E7
5.1149514E7
4.5444776E7
4.1175542E7
3.7747064E7
3.4788668E7
3.2147638E7
2.9811672E7
2.7821402E7
2.6183152E7
2.4811576E7
2.3556372E7
2.2446142E7
2.1356544E7
2.3700612E7
3.5411032E7
4.9437266E7
6.5209806E7
8.1752864E7
9.770339E7
1.11419634E8
1.21242692E8
1.25906196E8
1.24947406E8
1.18887062E8
1.09165054E8
9.7727702E7
8.538754E7
7.31978E7
6.1880176E7
5.1903136E7
4.3512912E7
3.6724816E7
3.1361384E7
2.7168076E7
2.393097E7
2.1502924E7
1.9741688E7
1.8459098E7
1.7459334E7
1.6656208E7
1.5963444E7
1.5447502E7
1.5032274E7
1.4560614E7
1.3796964E7
1.2698504E7
1.148055E7
1.0475462E7
9887310.0
9713906.0
9730558.0
9687892.0
9474006.0
9162718.0
8643108.0
7795814.0
6638028.0
5583326.0
5205804.0
4736580.0
4262886.0
3870972.0
3731614.0
4269240.0
5225344.0
6100194.0
6772514.0
7218640.0
7353964.0
7211514.0
7101370.0
7030666.0
7064374.0
7220920.0
7462800.0
7760848.0
7966624.0
8054730.0
8007464.0
8006578.0
7891884.0
7620836.0
7347696.0
7177970.0
6918266.0
6539088.0
6020684.0
5613462.0
5420796.0
5608326.0
5583556.0
5371522.0
4681342.0
3881042.0
3407808.0
3653508.0
4425492.0
5450006.0
6382534.0
6999302.0
7305390.0
7491146.0
7761510.0
8163478.0
8677022.0
8958642.0
8933380.0
8739566.0
8616774.0
8711036.0
8996124.0
9353478.0
9599080.0
9733848.0
9822160.0
9893262.0
9911792.0
9840688.0
9708772.0
9590788.0
9512590.0
9389378.0
9080128.0
8594404.0
8027020.0
7437026.0
6928474.0
6505270.0
6111136.0
5723550.0
5337506.0
5008556.0
4800382.0
4682290.0
4646422.0
4709920.0
4890016.0
5170724.0
5511736.0
5889390.0
6310034.0
6769862.0
7212228.0
7549566.0
7740858.0
7837276.0
7932470.0
8062386.0
8166886.0
8244532.0
8441062.0
8649290.0
9039566.0
9542744.0
9979456.0
1.0172062E7
9994688.0
9484840.0
8843598.0
8318866.0
8057392.0
8032624.0
8091406.0
8068812.0
7877168.0
7515922.0
7027762.0
6463536.0
5883356.0
5364446.0
4978534.0
4758566.0
4759064.0
4861754.0
5021782.0
5294384.0
5411838.0
5258682.0
4775876.0
4072844.0
3161736.0
2215094.0
1401266.0
820146.0
376226.0
147884.0
6302.0
-323144.0
-147174.0
178016.0
22196.0
-97320.0
-3634.0
-6076.0
-99154.0
162960.0
323354.0
-84096.0
-191622.0
166990.0
290534.0
-48248.0
-755408.0
-299542.0
301820.0
718264.0
786868.0
1283436.0
1630608.0
1585390.0
1458632.0
1401500.0
1461940.0
1508700.0
1410622.0
1185314.0
965576.0
831000.0
699172.0
408962.0
-65490.0
119522.0
430828.0
575928.0
489316.0
489062.0
562496.0
722538.0
934702.0
755942.0
263470.0
6630.0
122572.0
-310594.0
-308224.0
-296734.0
-324772.0
-491924.0
-580120.0
-553724.0
384434.0
1102780.0
1422910.0
1444054.0
1375494.0
1374062.0
1450624.0
1499876.0
1410716.0
1159420.0
832068.0
625806.0
439918.0
128238.0
-244990.0
-21608.0
182140.0
20748.0
-589942.0
-87466.0
237630.0
302494.0
241782.0
79560.0
-121672.0
-401804.0
-847086.0
-1010674.0
-763406.0
-695968.0
-623930.0
-342394.0
442110.0
751034.0
469374.0
-149808.0
-256192.0
-215670.0
-688244.0
-724048.0
-529128.0
-344926.0
-269878.0
-326170.0
211890.0
1043334.0
1480378.0
1480318.0
1208144.0
812768.0
1023020.0
1128086.0
773794.0
93594.0
-366150.0
-436668.0
-811984.0
-969740.0
-591748.0
-655900.0
-964376.0
-880338.0
-705438.0
-671284.0
-457666.0
-322980.0
-601064.0
-304554.0
-38926.0
374240.0
623238.0
285906.0
-617794.0
-988718.0
-847600.0
-717630.0
-557570.0
-186660.0
-124312.0
-23924.0
-103524.0
-107538.0
520104.0
1045152.0
1309006.0
1302452.0
1084038.0
713068.0
444832.0
562372.0
468766.0
436494.0
590558.0
750894.0
548174.0
-179820.0
198356.0
251228.0
108758.0
138734.0
465316.0
856048.0
1048412.0
1156858.0
797796.0
18262.0
166378.0
154792.0
50074.0
-48480.0
-96114.0
-110670.0
98066.0
-218300.0
-857186.0
-586028.0
-615688.0
-883838.0
-731266.0
-699008.0
-596862.0
-573728.0
-109678.0
441736.0
1068754.0
1622904.0
1974516.0
1979632.0
1560326.0
797404.0
-34416.0
-227562.0
25102.0
244944.0
173950.0
305676.0
867556.0
1199802.0
1278034.0
1207040.0
1244352.0
1354108.0
1500268.0
1580634.0
1497730.0
1217424.0
772060.0
219766.0
-254158.0
-743940.0
-257254.0
227118.0
274986.0
-34982.0
-407026.0
-553712.0
-360914.0
-22236.0
120186.0
-182692.0
-534092.0
-1087736.0
-818322.0
-212772.0
194444.0
164188.0
-250398.0
-539188.0
-627838.0
-450228.0
49024.0
-84778.0
-376620.0
70546.0
253292.0
87204.0
-237126.0
3588.0
34800.0
-29406.0
-139242.0
-317064.0
-592416.0
-935130.0
-819650.0
-950650.0
-1051882.0
-725256.0
-173436.0
100740.0
-16338.0
61888.0
-81608.0
-296808.0
-507650.0
-706736.0
-855614.0
-702854.0
-672532.0
-206898.0
270500.0
543080.0
534630.0
345852.0
121280.0
-54396.0
-181458.0
-270598.0
-299112.0
-265190.0
-224942.0
-206586.0
-146082.0
-46626.0
94304.0
195512.0
106224.0
-279174.0
-647192.0
-567420.0
-765328.0
-617122.0
-569914.0
-578826.0
-246806.0
-46776.0
610816.0
676016.0
96348.0
-739882.0
-1037124.0
-579778.0
-59224.0
379530.0
516290.0
210076.0
-71512.0
-587078.0
-662646.0
-1087118.0
-1281000.0
-1464168.0
-1225146.0
-921030.0
-696860.0
-627622.0
-703434.0
-649282.0
-731708.0
-613582.0
-373462.0
-75786.0
267138.0
531176.0
509650.0
-21040.0
-856334.0
-360806.0
131888.0
-42376.0
-626084.0
-1162538.0
-1053438.0
-934290.0
-875662.0
-1001124.0
-1105002.0
-675756.0
-443384.0
-758904.0
-1155892.0
-1093660.0
-919412.0
-595018.0
-518328.0
-712368.0
-806078.0
-863834.0
-769766.0
-647174.0
-287736.0
243130.0
720082.0
926174.0
788488.0
567992.0
510158.0
495602.0
295004.0
20110.0
-259036.0
-380940.0
-93770.0
214424.0
392226.0
225302.0
-445320.0
-599254.0
-658478.0
-343070.0
239882.0
668366.0
612226.0
33620.0
-733694.0
-1230814.0
-1403212.0
-1262358.0
-1189432.0
-714928.0
-851594.0
-1093676.0
-760758.0
-773222.0
-563204.0
192084.0
472828.0
261950.0
-234366.0
-640264.0
-775830.0
-722088.0
-573190.0
-420642.0
-196002.0
-302494.0
-769864.0
-1122812.0
-783320.0
-140126.0
-470942.0
579870.0
1191068.0
1171876.0
722566.0
315334.0
182616.0
365438.0
640942.0
735838.0
603852.0
335058.0
92506.0
13190.0
45850.0
362148.0
891534.0
1425526.0
1679956.0
1564568.0
1017498.0
339802.0
398750.0
781490.0
838594.0
481150.0
-214260.0
-598016.0
-770632.0
-934302.0
-905204.0
-616902.0
-186568.0
130052.0
150268.0
-168248.0
-635832.0
-646516.0
-644930.0
-714880.0
-919774.0
-860508.0
-1031006.0
-997192.0
-1039530.0
-805960.0
-399564.0
-73782.0
-229154.0
-284578.0
-455054.0
-934948.0
-1359504.0
-826874.0
-278302.0
54546.0
256478.0
432792.0
653338.0
882088.0
1023858.0
1015910.0
855654.0
559938.0
335842.0
772590.0
866914.0
627064.0
227532.0
-49416.0
-35766.0
173204.0
378512.0
382392.0
184086.0
-96342.0
-331936.0
-486998.0
-636994.0
-812010.0
-1001358.0
-1038794.0
-932126.0
-672126.0
-580756.0
-440626.0
-480906.0
-700686.0
-841298.0
-883642.0
-1009070.0
-800444.0
-1002832.0
-1252600.0
-879476.0
-1181498.0
-1454064.0
-1433458.0
-1439366.0
-1275908.0
-1095648.0
-786056.0
-202928.0
487580.0
1075644.0
1360998.0
1264540.0
932976.0
373470.0
-184336.0
-519106.0
-654436.0
-778932.0
-742018.0
51248.0
544518.0
534330.0
301108.0
502336.0
682926.0
876372.0
1088330.0
1161754.0
945184.0
279084.0
-645992.0
-693606.0
-412920.0
20374.0
328130.0
457728.0
276608.0
-138054.0
-248326.0
-482564.0
-84030.0
252756.0
518914.0
604976.0
917822.0
1069772.0
919138.0
570640.0
76052.0
-455090.0
-957348.0
-1105512.0
-835544.0
-255780.0
595960.0
1189596.0
1272758.0
887212.0
432456.0
125154.0
34136.0
71878.0
59708.0
-97384.0
-461890.0
-626988.0
-415512.0
-141470.0
153416.0
387450.0
451536.0
271506.0
424134.0
789850.0
1069292.0
1177232.0
975154.0
520750.0
13280.0
-241424.0
-378280.0
-302146.0
-72894.0
177028.0
476280.0
810060.0
1179292.0
1472150.0
1516864.0
1240518.0
787234.0
458288.0
492180.0
864094.0
1287848.0
1432120.0
1183662.0
687464.0
202812.0
-21948.0
-34090.0
158.0
36046.0
217890.0
30630.0
-184442.0
105352.0
543116.0
1035988.0
1491536.0
1814832.0
1902662.0
1596150.0
912242.0
33010.0
-743974.0
-966074.0
-813174.0
-389344.0
266206.0
709980.0
838042.0
807922.0
794130.0
852616.0
990408.0
1124510.0
1165802.0
1082776.0
897336.0
640688.0
412568.0
88420.0
-255672.0
-456728.0
-503782.0
-486758.0
-384810.0
-292062.0
-136810.0
173970.0
603738.0
940676.0
1043518.0
746950.0
176654.0
25824.0
-10106.0
30008.0
225064.0
566474.0
1001102.0
1385138.0
1533484.0
1388084.0
1053904.0
661922.0
335854.0
143088.0
-33298.0
-281324.0
-525178.0
-543580.0
-233906.0
158252.0
382948.0
403768.0
314622.0
263664.0
443688.0
748524.0
1084888.0
1295722.0
1343148.0
1230696.0
945390.0
487238.0
-61868.0
-523386.0
-681192.0
-565352.0
-176382.0
153664.0
174464.0
-142268.0
-583638.0
-558154.0
-52332.0
209000.0
46332.0
-115822.0
-142898.0
-257720.0
-407950.0
1040.0
389900.0
616014.0
685414.0
654872.0
725084.0
881160.0
927460.0
704148.0
215144.0
-368448.0
-927304.0
-1345630.0
-1284790.0
-969840.0
-427890.0
-347776.0
-681792.0
-662678.0
-814222.0
-952082.0
-1417858.0
-1661246.0
-1300480.0
-1074382.0
-917652.0
-368264.0
336322.0
782860.0
841332.0
417098.0
-266548.0
-722714.0
-645598.0
-322350.0
-204894.0
-451230.0
-705028.0
-619738.0
-669096.0
-691318.0
55486.0
638064.0
997602.0
1240838.0
1172218.0
721378.0
-42598.0
-796590.0
-1021174.0
-840298.0
-669586.0
-797758.0
-250022.0
230878.0
254228.0
-91006.0
-95858.0
53736.0
-341520.0
-253668.0
95082.0
325448.0
261802.0
-165738.0
-726356.0
-850304.0
-563244.0
-686952.0
-1209830.0
-1026510.0
-957292.0
-694710.0
-651056.0
-368578.0
-393736.0
-706012.0
-799518.0
-96578.0
633438.0
1154518.0
1235220.0
1014534.0
1644182.0
1719916.0
1259528.0
536634.0
-101154.0
-465692.0
-623306.0
-786272.0
-757184.0
-528664.0
-252838.0
79970.0
513706.0
1036288.0
1402740.0
1422550.0
1070918.0
471338.0
-167050.0
-680460.0
-942010.0
-942490.0
-660116.0
-775612.0
-781034.0
-541040.0
-436012.0
-449812.0
-513634.0
-537370.0
-457866.0
-286028.0
-167496.0
-171792.0
