# File created = Tuesday, December 10, 2024 2:11:25 PM CET
# Data set = 20241206_parallelHSQC  14  995  D:\Topspin\examdata
# Spectral Region:
# LEFT = 10.0 ppm. RIGHT = 0.002576844041229265 ppm.
#
# SIZE = 2048 ( = number of points)
#
# In the following ordering is from the 'left' to the 'right' limits!
# Lines beginning with '#' must be considered as comment lines.
#
-778788.0
-1021574.0
-1245356.0
-1366520.0
-1083374.0
-1113956.0
-1144852.0
-1014238.0
-921826.0
-1025780.0
-236046.0
122764.0
47778.0
-73942.0
-532972.0
-522730.0
-434156.0
-431710.0
-497354.0
-545864.0
-434854.0
-121604.0
340508.0
942950.0
1450690.0
1597722.0
1256772.0
579114.0
-92620.0
-408134.0
-215056.0
418330.0
1150832.0
1646242.0
1754440.0
1511570.0
1133230.0
781656.0
481376.0
221836.0
-80188.0
-400520.0
-525170.0
-40022.0
134012.0
-39644.0
-526490.0
-192188.0
-43506.0
54640.0
177134.0
123556.0
-114992.0
-40630.0
-484912.0
-513876.0
-335030.0
-81888.0
140532.0
179290.0
-348948.0
-54918.0
-228822.0
-393936.0
-462904.0
-659290.0
-623978.0
-281144.0
4818.0
107820.0
16100.0
-168088.0
-503200.0
-799608.0
-801120.0
-681198.0
-534976.0
-311388.0
9060.0
472528.0
926002.0
1217878.0
1311486.0
1229630.0
1040326.0
850438.0
602582.0
259086.0
-162898.0
-146820.0
-180110.0
-391942.0
-166906.0
306376.0
603978.0
654742.0
609052.0
700360.0
1015354.0
1476972.0
1662428.0
1303372.0
578336.0
-235702.0
-590888.0
-690656.0
-669210.0
-354646.0
-61550.0
204450.0
322928.0
300096.0
144544.0
-84220.0
-301228.0
-519400.0
-698774.0
-825522.0
-853390.0
-603070.0
-378234.0
36800.0
323824.0
456018.0
428384.0
340884.0
369210.0
456274.0
594568.0
813952.0
998690.0
1111686.0
1186884.0
1256442.0
1308600.0
1289348.0
1143982.0
868476.0
536754.0
281882.0
231164.0
423852.0
763584.0
1051222.0
1094620.0
828400.0
355522.0
-56904.0
-210516.0
-51554.0
128026.0
30002.0
-223842.0
-489942.0
-762162.0
-1077896.0
-1288144.0
-1480752.0
-1243866.0
-1195828.0
-722126.0
-201686.0
195364.0
209790.0
217496.0
-108076.0
-496518.0
-460832.0
-397652.0
-280750.0
-163138.0
32750.0
407752.0
896752.0
1428394.0
1783854.0
1819566.0
1568352.0
1015492.0
277416.0
-425298.0
-1036836.0
-597802.0
-357998.0
-549400.0
-1037702.0
-1031230.0
-781544.0
-868196.0
-974850.0
-301160.0
232252.0
494384.0
501250.0
316660.0
135884.0
37946.0
-109352.0
-169690.0
211632.0
795718.0
1160796.0
1090552.0
585280.0
-115374.0
-654212.0
-635420.0
-176592.0
498480.0
1111992.0
1562146.0
1747072.0
1712332.0
1427622.0
909606.0
211680.0
-113002.0
-344762.0
-586976.0
-639636.0
-445460.0
-247832.0
-319620.0
-1642.0
204002.0
247114.0
221768.0
164730.0
100610.0
7128.0
-276814.0
-675234.0
-951684.0
-801720.0
-345116.0
101736.0
282826.0
79598.0
-340872.0
-677016.0
-756430.0
-574724.0
-291682.0
-35518.0
170224.0
357456.0
549000.0
766148.0
836644.0
764714.0
634632.0
524400.0
443130.0
354938.0
244504.0
153996.0
131898.0
174584.0
236804.0
290794.0
270020.0
211108.0
164388.0
145282.0
135104.0
119512.0
199896.0
332588.0
475996.0
536834.0
338532.0
-104060.0
-526186.0
-764962.0
-530954.0
39580.0
709974.0
1284204.0
1646658.0
1767918.0
1655876.0
1329732.0
845386.0
417480.0
187464.0
66966.0
-42202.0
-132352.0
-175006.0
-116654.0
77954.0
381102.0
653046.0
741894.0
632914.0
299598.0
-238792.0
-930750.0
-1598200.0
-1779550.0
-1825010.0
-1623942.0
-1755298.0
-1206866.0
-874932.0
-845000.0
-1034530.0
-1248826.0
-1311522.0
-1182632.0
-842124.0
-476210.0
-196822.0
-138662.0
-460178.0
-1024394.0
-1564658.0
-1847712.0
-1830540.0
-1624228.0
-1055430.0
-541908.0
-255570.0
-283894.0
-644372.0
-1178282.0
-1429750.0
-1323698.0
-1414564.0
-1692902.0
-1515432.0
-832986.0
-204896.0
202702.0
277460.0
171222.0
52098.0
18466.0
-4870.0
-183290.0
-439942.0
-734750.0
-954310.0
-1071940.0
-1097194.0
-1105656.0
-1179424.0
-1392006.0
-1759766.0
-1817086.0
-1385194.0
-1038020.0
-1082032.0
-1108918.0
-503720.0
-253092.0
-359334.0
-629752.0
-822796.0
-790112.0
-480374.0
-106280.0
285026.0
662664.0
965286.0
1105990.0
1032748.0
778090.0
444314.0
141374.0
-63450.0
-153340.0
-148116.0
-98280.0
-79838.0
-138018.0
-249428.0
-377598.0
-403792.0
-254524.0
30306.0
312290.0
456992.0
430832.0
138902.0
-345138.0
-790532.0
-1076378.0
-1545360.0
-1493118.0
-1179896.0
-681814.0
-114728.0
413482.0
825620.0
1070002.0
1115192.0
960118.0
671024.0
281522.0
-174450.0
-666012.0
-1140520.0
-1492670.0
-1380176.0
-1384294.0
-969960.0
-426148.0
-35006.0
132198.0
115044.0
-24434.0
-264468.0
-552282.0
-656410.0
-851530.0
-1092162.0
-746802.0
-284554.0
38736.0
29308.0
-335138.0
-903106.0
-1389204.0
-1648504.0
-1644336.0
-1313438.0
-776162.0
-246104.0
114882.0
208474.0
93000.0
-247742.0
-753628.0
-792918.0
-395488.0
-274522.0
-327518.0
-377896.0
-381186.0
-555290.0
-901832.0
-1129306.0
-962604.0
-366956.0
422090.0
1056388.0
1287420.0
1073134.0
542428.0
-73098.0
-735094.0
-1330970.0
-1745956.0
-1899234.0
-1698006.0
-1332930.0
-970186.0
-677114.0
-416272.0
-113338.0
278364.0
652792.0
997760.0
1239708.0
1358280.0
1358200.0
1275334.0
1187286.0
1183108.0
1282180.0
1369410.0
1235210.0
771802.0
79132.0
-593904.0
-1000002.0
-1024418.0
-698650.0
-254728.0
33792.0
45382.0
-96894.0
-103618.0
166616.0
656362.0
1147404.0
1454416.0
1550980.0
1567474.0
1593922.0
1579068.0
1384402.0
955714.0
421086.0
122.0
-166090.0
113844.0
183194.0
-30706.0
-385950.0
-136170.0
419958.0
1041050.0
1419172.0
1355794.0
936206.0
486054.0
283656.0
324008.0
528248.0
868912.0
1100894.0
1159210.0
1063832.0
883452.0
706454.0
618994.0
673124.0
847874.0
1105872.0
1207108.0
1026270.0
596150.0
76740.0
-343412.0
-552772.0
-556920.0
-440680.0
-298238.0
-185978.0
-116296.0
-74512.0
-37524.0
133974.0
304498.0
338648.0
157596.0
-247092.0
-768748.0
-1140318.0
-1087518.0
-895586.0
-282708.0
383546.0
822976.0
902000.0
686520.0
372304.0
156608.0
39470.0
-79128.0
-259426.0
-428824.0
-458240.0
-337342.0
-253710.0
-457344.0
-1009786.0
-1103380.0
-1252486.0
-841104.0
-711354.0
81688.0
521018.0
470884.0
109764.0
-279004.0
-516162.0
-591084.0
-468970.0
-72230.0
511174.0
1067392.0
1443974.0
1624388.0
1577806.0
1353284.0
874804.0
234172.0
-374782.0
-741010.0
-724892.0
-331460.0
233480.0
776690.0
1204498.0
1546404.0
1865150.0
2147250.0
2287486.0
2185080.0
1853628.0
1432654.0
1089922.0
910394.0
868022.0
880330.0
868130.0
765974.0
509742.0
58638.0
-356674.0
-659054.0
-882212.0
-1034280.0
-1019924.0
-624880.0
59596.0
900666.0
1729428.0
2305438.0
2405094.0
1951924.0
1094092.0
158358.0
-485408.0
-630300.0
-375436.0
197656.0
769044.0
1124032.0
1187550.0
1024386.0
769012.0
913852.0
1072680.0
975676.0
623148.0
178624.0
-113098.0
-143488.0
35988.0
701004.0
1311136.0
1675432.0
1741072.0
1584522.0
1336594.0
1165778.0
1526612.0
2065536.0
2381514.0
2441186.0
2256366.0
1969610.0
1733658.0
1614900.0
1563832.0
1489198.0
1378318.0
1352218.0
1593290.0
2198290.0
3080946.0
4006008.0
4723796.0
5102008.0
5176654.0
5117274.0
5142592.0
5417638.0
5962440.0
6624944.0
7164520.0
7416634.0
7422584.0
7419018.0
7699220.0
8457642.0
9705594.0
1.1261858E7
1.2819952E7
1.4166484E7
1.5578924E7
1.8426772E7
2.5075282E7
3.8362434E7
5.9088054E7
8.5408606E7
1.13427226E8
1.39415072E8
1.62051458E8
1.80795024E8
1.93748806E8
1.96920796E8
1.8623739E8
1.60970966E8
1.25595074E8
8.8194798E7
5.6450052E7
3.5276714E7
2.3096816E7
1.6804622E7
1.3192976E7
1.0156724E7
7964416.0
6499352.0
5612092.0
5006052.0
4515880.0
4119660.0
3714770.0
3335530.0
3341540.0
3038532.0
2638734.0
2535812.0
2406146.0
2227252.0
2137836.0
3056628.0
3799654.0
4155516.0
4056340.0
3548584.0
3476710.0
3499494.0
3352960.0
3071854.0
2657698.0
2108328.0
1848828.0
1656226.0
1669782.0
1851804.0
2130396.0
2177622.0
1920888.0
1796820.0
1461052.0
952374.0
353580.0
1080866.0
1945774.0
2562630.0
2763840.0
2598714.0
2250202.0
1927074.0
1779202.0
1841150.0
2017662.0
2140792.0
2089822.0
1892446.0
1712214.0
1721704.0
2013532.0
2411256.0
2736638.0
2864498.0
2777142.0
2559620.0
2309512.0
1871684.0
1529720.0
2018894.0
2470082.0
2781970.0
2870560.0
2945632.0
2999560.0
3009302.0
2959962.0
2896776.0
2933642.0
3180512.0
3643906.0
4190898.0
4620972.0
4802094.0
4772532.0
4731556.0
4920054.0
5468234.0
6312186.0
7212968.0
7912094.0
8244618.0
8234092.0
8081216.0
8076856.0
8490858.0
9355108.0
1.0461812E7
1.1611628E7
1.264751E7
1.3678894E7
1.4981124E7
1.6664618E7
1.8496888E7
2.0165372E7
2.1859272E7
2.4910398E7
3.1932306E7
4.6668146E7
7.1220206E7
1.04338776E8
1.45197802E8
1.91857304E8
2.40777238E8
2.87274566E8
3.25193116E8
3.4871694E8
3.54349114E8
3.4166157E8
3.12693446E8
2.71067414E8
2.21675494E8
1.70567614E8
1.24062896E8
8.7844072E7
6.2927398E7
4.7055902E7
3.7895676E7
3.1467592E7
2.6423732E7
2.3078322E7
2.0835844E7
1.9257386E7
1.7863734E7
1.6408058E7
1.4904912E7
1.3429078E7
1.221306E7
1.112546E7
1.0187718E7
9528072.0
9227340.0
9237934.0
9414840.0
9604962.0
9713210.0
9797642.0
9750770.0
9572432.0
9309584.0
9040040.0
8835676.0
8732888.0
8726938.0
8783856.0
8855504.0
8890406.0
8840564.0
9948470.0
1.2678976E7
1.4970024E7
1.6576194E7
1.7504156E7
1.798106E7
1.8259362E7
1.8432936E7
1.8428046E7
1.835687E7
1.8050874E7
1.7640326E7
1.7258008E7
1.6930362E7
1.6617442E7
1.633875E7
1.6257912E7
1.6714934E7
1.7468228E7
1.8315198E7
1.8985852E7
1.9295298E7
1.9187632E7
1.8672382E7
1.8166988E7
1.7578492E7
1.687389E7
1.612965E7
1.595128E7
1.5878392E7
1.5775572E7
1.5728364E7
1.6039786E7
1.706507E7
1.8937248E7
2.1388526E7
2.3822392E7
2.5604328E7
2.6369604E7
2.6142674E7
2.5223518E7
2.4421232E7
2.3692178E7
2.2905086E7
2.2056722E7
2.1086906E7
1.985583E7
1.8174338E7
1.5923192E7
1.444246E7
1.4894652E7
1.51696E7
1.5229892E7
1.513021E7
1.4992024E7
1.4965352E7
1.488515E7
1.4714308E7
1.4519326E7
1.438522E7
1.4395184E7
1.4661368E7
1.517709E7
1.5833076E7
1.641155E7
1.8458372E7
1.9944558E7
2.0115474E7
1.8956384E7
1.7573098E7
1.8264306E7
1.8917494E7
1.9342862E7
1.9446994E7
1.9266368E7
1.8966844E7
1.8891108E7
1.9046424E7
1.9455574E7
2.008666E7
2.0899766E7
2.1872244E7
2.2973028E7
2.4108804E7
2.5111086E7
2.5809652E7
2.6151934E7
2.628585E7
2.6407776E7
2.681215E7
2.7579688E7
2.8648866E7
2.9875046E7
3.1155536E7
3.252124E7
3.4117872E7
3.6060916E7
3.8279774E7
4.0560642E7
4.287991E7
4.5795516E7
5.1263072E7
6.08246E7
7.660775E7
9.7392734E7
1.22857778E8
1.51954898E8
1.8559125E8
2.26206336E8
2.6926002E8
3.05483678E8
3.2811022E8
3.36248536E8
3.3462611E8
3.28636072E8
3.19626174E8
3.0514131E8
2.83939042E8
2.60428186E8
2.4131915E8
2.32799308E8
2.3471061E8
2.41304252E8
2.46131642E8
2.46265116E8
2.42272486E8
2.34164518E8
2.21296618E8
2.02826752E8
1.80296784E8
1.58679764E8
1.4344179E8
1.3760145E8
1.41184552E8
1.51913942E8
1.67204114E8
1.85484E8
2.05808498E8
2.26378364E8
2.45578062E8
2.62767088E8
2.78203372E8
2.9316616E8
3.09675638E8
3.28415918E8
3.4742015E8
3.62423886E8
3.68935542E8
3.64660216E8
3.50472006E8
3.29225954E8
3.03491602E8
2.74165146E8
2.42742692E8
2.08339792E8
1.7287711E8
1.39972452E8
1.14390278E8
9.6338602E7
8.376071E7
7.5960586E7
7.0157502E7
6.5191874E7
6.090958E7
5.7372396E7
5.4774862E7
5.2998084E7
5.1530372E7
5.0132502E7
4.8675044E7
4.7155296E7
4.5641572E7
4.4203476E7
4.288126E7
4.1694376E7
4.064548E7
5.1903402E7
6.6309194E7
7.94088E7
9.081124E7
9.9545242E7
1.03234776E8
9.941524E7
8.7613786E7
7.033009E7
6.120467E7
6.8090782E7
7.2275468E7
7.3862998E7
7.3086922E7
7.179879E7
9.5264086E7
1.21903108E8
1.49689764E8
1.77081166E8
2.03316448E8
2.27673102E8
2.48714712E8
2.64070212E8
2.71007584E8
2.68852414E8
2.59058564E8
2.4413545E8
2.26139208E8
2.0599953E8
1.84053522E8
1.61056554E8
1.38639598E8
1.5315259E8
1.80960214E8
2.08444844E8
2.32124306E8
2.49905924E8
2.60749518E8
2.63996112E8
2.59023284E8
2.45713502E8
2.25216114E8
2.0006545E8
1.7333536E8
1.47476782E8
1.23897098E8
1.03477604E8
8.5756372E7
7.1130552E7
5.9834532E7
5.1570636E7
4.583517E7
4.156052E7
3.7986068E7
3.4902122E7
3.2191372E7
2.968269E7
2.721298E7
2.4785922E7
2.2687672E7
2.4435718E7
2.7006728E7
3.1367738E7
3.8610116E7
4.945741E7
6.418588E7
8.1190838E7
9.898348E7
1.15475228E8
1.29892076E8
1.40969066E8
1.46862616E8
1.46549454E8
1.39884468E8
1.27825292E8
1.12119094E8
9.4731608E7
7.7433226E7
6.1655738E7
4.8421352E7
3.8204712E7
3.0940702E7
2.577347E7
2.1974772E7
1.9098634E7
1.7012748E7
1.5714866E7
1.5768348E7
1.5362326E7
1.4400244E7
1.2994132E7
1.1413486E7
9962462.0
8887246.0
8335826.0
7912710.0
7844380.0
7966594.0
8102166.0
8227898.0
8351876.0
8488586.0
8640624.0
8782758.0
8846554.0
8721204.0
8292572.0
7515904.0
6474452.0
5437856.0
5061506.0
5090952.0
4875870.0
4576654.0
5094522.0
5202470.0
4917674.0
4450602.0
3876062.0
3580344.0
3068386.0
2491052.0
2058668.0
2216064.0
2187264.0
2661092.0
3135196.0
3464184.0
3459888.0
3267602.0
3140656.0
3224920.0
3432346.0
3521860.0
3323452.0
3049044.0
2988088.0
3333944.0
3861154.0
4283830.0
4318320.0
3879078.0
3132752.0
2393744.0
1953728.0
1950326.0
2324374.0
2863244.0
3306096.0
3470446.0
3337066.0
3036932.0
2746370.0
2571744.0
2512346.0
2510548.0
2514062.0
2484148.0
2352532.0
2054516.0
2068608.0
2664834.0
3127152.0
3443314.0
3633500.0
3699368.0
3639846.0
3515298.0
3598124.0
3870638.0
4319496.0
4807786.0
5168350.0
5332058.0
5374948.0
5444100.0
5636148.0
5937952.0
6266262.0
6626402.0
6879026.0
6986468.0
6932480.0
6718322.0
6384460.0
6013436.0
5699800.0
5511596.0
5472904.0
5566348.0
5734576.0
5880796.0
5897414.0
5734642.0
5460566.0
5235258.0
5183666.0
5323118.0
5422664.0
5198818.0
4590354.0
3840376.0
3354696.0
3422450.0
4033834.0
4736164.0
5129564.0
4992884.0
4361766.0
3450242.0
2770574.0
2466042.0
2108376.0
1863782.0
1724498.0
1773664.0
1970748.0
2081070.0
1989302.0
1810216.0
1685756.0
1759004.0
1952282.0
2199652.0
2131256.0
1660250.0
1571724.0
1355098.0
1099166.0
948872.0
1029588.0
977076.0
739488.0
462746.0
380746.0
613718.0
1050718.0
1414498.0
1451122.0
1147120.0
1098764.0
988986.0
828042.0
668930.0
418758.0
975120.0
1717188.0
2240116.0
2346434.0
1955088.0
1160688.0
461950.0
867688.0
1291656.0
1524604.0
1365802.0
880810.0
288264.0
-205028.0
-609824.0
-550698.0
81402.0
1021062.0
1812304.0
2149768.0
2005070.0
1574244.0
1096812.0
1295778.0
1831132.0
1880448.0
1356440.0
424218.0
453210.0
385188.0
141344.0
-230724.0
-582154.0
-763754.0
-702680.0
-58380.0
518920.0
627130.0
409162.0
277116.0
126334.0
270066.0
514266.0
713554.0
860902.0
814756.0
553620.0
130380.0
-209426.0
-299200.0
-52966.0
165340.0
168250.0
109476.0
148394.0
308040.0
831420.0
1128814.0
965388.0
353294.0
-478744.0
-1098634.0
-811684.0
-775280.0
-428938.0
80084.0
601428.0
1053182.0
1312418.0
1305264.0
1080196.0
777180.0
531230.0
316620.0
-16938.0
-535392.0
-666956.0
91848.0
774694.0
1051836.0
767948.0
319926.0
587612.0
400826.0
-112554.0
-673854.0
-892940.0
-1035784.0
-1042010.0
-631256.0
-103572.0
398836.0
731328.0
854540.0
801502.0
657828.0
724044.0
950976.0
1002248.0
749804.0
323958.0
5690.0
-242090.0
11292.0
538632.0
714738.0
563388.0
173264.0
-330830.0
-740636.0
-856346.0
-671392.0
-222116.0
342590.0
818622.0
1045986.0
997336.0
792400.0
615660.0
617442.0
790148.0
900094.0
721252.0
171848.0
-606412.0
-1212368.0
-1241020.0
-1013704.0
-945468.0
-968166.0
-804676.0
-1127634.0
-1170384.0
-1172370.0
-1192596.0
-1097766.0
-874960.0
-602318.0
-431500.0
-472284.0
-655834.0
-928156.0
-1014906.0
-956450.0
-760744.0
-544362.0
-620684.0
-868514.0
-1009092.0
-821344.0
-428578.0
278038.0
871558.0
1173674.0
1160724.0
947382.0
614622.0
252530.0
-79304.0
-376578.0
-611688.0
-649882.0
-368120.0
87338.0
443256.0
583258.0
561628.0
614500.0
863388.0
1216422.0
1294788.0
940022.0
246114.0
-508788.0
-1013684.0
-1115880.0
-844784.0
-382840.0
123486.0
409724.0
549140.0
516910.0
377914.0
135590.0
-242232.0
-727386.0
-1042462.0
-1346002.0
-1063448.0
-684668.0
-234220.0
182018.0
418180.0
480742.0
444586.0
332452.0
154214.0
-267764.0
-814822.0
-957648.0
-806632.0
-989388.0
-1276852.0
-1301700.0
-1048012.0
-585396.0
67986.0
755214.0
1147270.0
939904.0
152792.0
-874302.0
-1215138.0
-1137942.0
-1141706.0
-1367338.0
-1260538.0
-1209680.0
-1467258.0
-1608904.0
-1256128.0
-1222740.0
-1038880.0
-957468.0
-1069382.0
-709670.0
-197010.0
401414.0
899962.0
1110588.0
973114.0
589858.0
334502.0
261786.0
137210.0
-103414.0
-199710.0
-52320.0
142394.0
102200.0
-202392.0
-556618.0
-842786.0
-906654.0
-615936.0
-30176.0
508156.0
648878.0
381386.0
-62722.0
-421406.0
-440216.0
-198660.0
-143230.0
-370292.0
-787186.0
-295310.0
-658.0
-268018.0
-619498.0
-200352.0
151736.0
419662.0
572960.0
532470.0
211658.0
-396384.0
-1075790.0
-958610.0
-995788.0
-1040840.0
-968544.0
-1004086.0
-376970.0
4616.0
27560.0
-288542.0
-851156.0
-1048054.0
-1682174.0
-1580440.0
-980704.0
-693412.0
-706042.0
-897062.0
-653178.0
-608120.0
-747990.0
-918622.0
-1037334.0
-892420.0
-621294.0
-781462.0
-629270.0
-709910.0
-932320.0
-1156682.0
-643570.0
-129446.0
54806.0
-33330.0
-97838.0
156268.0
772426.0
1495762.0
2059108.0
2139088.0
1725900.0
1019808.0
263444.0
-326858.0
-541718.0
-386210.0
-23754.0
417324.0
791660.0
1018136.0
1099244.0
1055610.0
860580.0
471688.0
5362.0
-325126.0
30360.0
57726.0
721438.0
479192.0
-326850.0
-1002282.0
-1010964.0
-1172058.0
-1331738.0
-1447766.0
-1166266.0
-1120148.0
-1292106.0
-885226.0
-327518.0
232028.0
546506.0
653962.0
764488.0
1005452.0
1321860.0
1537432.0
1554520.0
1345588.0
964908.0
456730.0
-8878.0
-344426.0
-635766.0
-842826.0
-831290.0
-518864.0
-125640.0
99536.0
3780.0
-336102.0
-643258.0
-624726.0
-178252.0
529860.0
1167278.0
1433550.0
1210482.0
613376.0
-226898.0
-559310.0
-723404.0
-1261284.0
-1032222.0
-1061984.0
-842526.0
-670062.0
-582564.0
-542046.0
-572572.0
-285112.0
26890.0
211236.0
225676.0
157358.0
132208.0
209630.0
348574.0
452030.0
440130.0
398238.0
415744.0
619006.0
933640.0
1156716.0
1123094.0
838032.0
542862.0
325952.0
83012.0
-159200.0
-375062.0
-514104.0
-488240.0
-456450.0
-497768.0
-429522.0
-151892.0
117534.0
202250.0
151060.0
41348.0
-36486.0
-48228.0
-51526.0
-147120.0
-385254.0
-695760.0
-723580.0
-520200.0
-301046.0
-118290.0
-20292.0
4094.0
-94110.0
-243880.0
-300256.0
-130808.0
214188.0
297508.0
255600.0
202160.0
64700.0
-256650.0
-763894.0
-842084.0
-795776.0
-814338.0
-716330.0
-794506.0
-619450.0
-713116.0
-674916.0
-514934.0
-744806.0
-715914.0
-635672.0
-558374.0
-84386.0
51060.0
-254512.0
-572362.0
-498400.0
-475566.0
-366900.0
-158850.0
92746.0
274790.0
309380.0
205482.0
56368.0
-79110.0
-216746.0
-330880.0
-470986.0
-376638.0
1854.0
184360.0
65808.0
100714.0
300026.0
573092.0
858738.0
1057488.0
1099954.0
966776.0
765568.0
499324.0
363338.0
394060.0
220156.0
225792.0
175252.0
176054.0
188692.0
345016.0
596502.0
864682.0
1036066.0
1000238.0
794094.0
463998.0
380370.0
875278.0
861742.0
427676.0
276590.0
477882.0
266492.0
354506.0
417536.0
313056.0
77880.0
-159800.0
-301790.0
-315992.0
-263772.0
-228866.0
-230138.0
-193072.0
-56798.0
85418.0
170470.0
67740.0
-268862.0
-457418.0
-759834.0
-904308.0
-782458.0
-708450.0
-903248.0
-918934.0
-252996.0
133574.0
-30080.0
-314206.0
-69536.0
-559618.0
-769870.0
-892564.0
-568804.0
-557906.0
-638544.0
-312980.0
-338248.0
-313636.0
-689866.0
-172338.0
-124464.0
433398.0
834334.0
880524.0
525354.0
-179080.0
-657944.0
-541494.0
-643236.0
-375708.0
-203700.0
-234204.0
-221422.0
94350.0
41288.0
-142268.0
-403438.0
-284568.0
-368522.0
-232242.0
-131962.0
-39832.0
5930.0
-56742.0
-233380.0
-333374.0
-329748.0
-413980.0
-473220.0
-386888.0
-463022.0
-560812.0
-298974.0
100082.0
520240.0
951680.0
1316652.0
1518406.0
1456596.0
1342016.0
1315336.0
1289942.0
1159796.0
844546.0
544270.0
484256.0
748840.0
1218922.0
1737294.0
1930742.0
1700442.0
1179322.0
639066.0
348164.0
305164.0
430046.0
612726.0
862868.0
1018072.0
902798.0
480198.0
129992.0
183626.0
438584.0
765652.0
1038424.0
1131406.0
975412.0
500950.0
-139270.0
-272972.0
-634008.0
-883600.0
-831102.0
-505918.0
-139560.0
47298.0
394440.0
839400.0
1079474.0
1074438.0
1120972.0
1297942.0
1447826.0
1363792.0
997416.0
361242.0
-362720.0
-576782.0
-125414.0
187474.0
307742.0
667210.0
940288.0
707288.0
60256.0
-354924.0
-385918.0
-194084.0
-524.0
100542.0
4134.0
-348236.0
-400908.0
-65108.0
148526.0
431032.0
812672.0
1189858.0
1429250.0
1531808.0
1473438.0
1142488.0
416366.0
-538264.0
-620042.0
-912810.0
-1044614.0
-759760.0
-75970.0
87032.0
-382658.0
-747680.0
-552328.0
-675000.0
-658352.0
-690544.0
-602502.0
-336382.0
-289226.0
-106798.0
-182348.0
-117286.0
-19060.0
73054.0
197958.0
554168.0
933580.0
904080.0
287074.0
295282.0
452392.0
231758.0
-277506.0
-555382.0
-228404.0
-107438.0
4972.0
564970.0
783118.0
776338.0
718606.0
721514.0
769030.0
756730.0
638088.0
440786.0
229080.0
178264.0
214008.0
207570.0
82818.0
-109954.0
-232294.0
22200.0
237358.0
399552.0
458596.0
491042.0
431504.0
110260.0
-354146.0
-205628.0
71204.0
365968.0
549956.0
636138.0
520810.0
402550.0
402446.0
628062.0
992076.0
1378116.0
1564646.0
1357574.0
784604.0
83138.0
210628.0
186812.0
-29990.0
-362136.0
-681876.0
-868786.0
-903350.0
-780262.0
-798346.0
-445156.0
-500602.0
-370358.0
-532584.0
-634286.0
-601826.0
-43332.0
399032.0
581020.0
613266.0
668574.0
809866.0
898288.0
717690.0
155854.0
-50036.0
-613886.0
-944358.0
-955566.0
-904084.0
-987080.0
-303068.0
79690.0
205222.0
208356.0
174790.0
155940.0
3182.0
-280770.0
-532790.0
-753294.0
-637686.0
-816798.0
-744916.0
-893510.0
-783044.0
-865762.0
-1215146.0
-1307834.0
-1021820.0
-1085198.0
-1511764.0
-1566930.0
-1360778.0
-1244344.0
-1382990.0
-1195792.0
-798282.0
-592316.0
