# File created = Tuesday, December 10, 2024 2:42:43 PM CET
# Data set = 20241206_parallelHSQC  14  996  D:\Topspin\examdata
# Spectral Region:
# LEFT = 150.0 ppm. RIGHT = -0.006063719625899466 ppm.
#
# SIZE = 1024 ( = number of points)
#
# In the following ordering is from the 'left' to the 'right' limits!
# Lines beginning with '#' must be considered as comment lines.
#
1.6568842E7
1.790426E7
1.906912E7
1.968805E7
1.9558338E7
1.9192472E7
1.8927868E7
2.2729282E7
2.5879114E7
2.693925E7
2.5477784E7
2.1608898E7
1.6233498E7
1.0506194E7
6486406.0
4933478.0
3390128.0
3606696.0
3914712.0
3346462.0
4819864.0
6094420.0
6696864.0
6686296.0
5938446.0
4754182.0
3462848.0
2261876.0
1608756.0
1438302.0
1093028.0
594640.0
-50452.0
-512310.0
-537362.0
-634784.0
-526870.0
-581690.0
-839282.0
-1092538.0
-626628.0
-3796.0
402552.0
563388.0
512296.0
309508.0
356980.0
309630.0
152864.0
-79710.0
-261392.0
-490198.0
-549486.0
-378084.0
-371346.0
-431238.0
-127632.0
-34124.0
-211606.0
-261564.0
-192654.0
-164674.0
34472.0
241768.0
464578.0
762078.0
926466.0
945682.0
878556.0
865658.0
756086.0
469628.0
48160.0
-312038.0
-431728.0
-448194.0
-508598.0
-564680.0
-685820.0
-888740.0
-813092.0
-623048.0
-567490.0
-503624.0
-347286.0
-311270.0
-316518.0
-115326.0
84552.0
80854.0
-21266.0
-175184.0
-472522.0
-586844.0
-477650.0
-384794.0
-291886.0
-322822.0
-532284.0
-528262.0
-453388.0
-210200.0
-95608.0
107636.0
149180.0
69416.0
287124.0
480266.0
540346.0
475182.0
304646.0
54894.0
115184.0
459944.0
555426.0
391700.0
82192.0
-87418.0
355194.0
914100.0
1482624.0
1690488.0
1524692.0
1042454.0
347510.0
-387672.0
-314314.0
-299314.0
-244124.0
-159830.0
-169398.0
-325306.0
-489856.0
-238276.0
57856.0
151812.0
97154.0
219170.0
250258.0
128312.0
-115888.0
-264752.0
-218302.0
-309346.0
-543540.0
-563270.0
-379994.0
-338754.0
-449696.0
-593940.0
-757988.0
-622294.0
-131614.0
203064.0
347774.0
320252.0
143202.0
-36618.0
495220.0
798072.0
819328.0
538348.0
323110.0
246450.0
305186.0
330990.0
88786.0
-103882.0
-82236.0
28114.0
78148.0
319638.0
442610.0
350492.0
441818.0
634966.0
686178.0
651904.0
434320.0
64046.0
-188114.0
-401702.0
-328632.0
-316850.0
-426382.0
-503792.0
-360408.0
-292542.0
-342070.0
-425944.0
-541566.0
-570138.0
85078.0
673470.0
1124980.0
1383824.0
1417022.0
1218440.0
808338.0
229286.0
-460282.0
97414.0
618550.0
901734.0
898918.0
575914.0
-20914.0
-71732.0
7410.0
135316.0
96436.0
-90532.0
-386102.0
-588582.0
-663714.0
-461374.0
-435846.0
-545630.0
-652368.0
-583998.0
-678112.0
-353290.0
302232.0
684326.0
747358.0
495162.0
487802.0
1067230.0
1473080.0
1648690.0
1583362.0
1315578.0
921184.0
489694.0
287666.0
509572.0
761828.0
958116.0
1084804.0
1161250.0
1121212.0
1235402.0
1363610.0
1412148.0
1353714.0
1177736.0
869702.0
419378.0
238848.0
429862.0
484528.0
364948.0
132712.0
-211276.0
-609326.0
-967954.0
-683806.0
-298118.0
-70914.0
-14726.0
447650.0
855294.0
1076236.0
1051248.0
767330.0
258516.0
-404428.0
-988612.0
-1168802.0
-1244640.0
-1114330.0
-975476.0
-931266.0
-445338.0
-116210.0
44454.0
874.0
-269026.0
-534916.0
-694502.0
-384768.0
-265184.0
-363890.0
-385536.0
-353692.0
-275734.0
-101294.0
42176.0
83878.0
100698.0
141894.0
34386.0
40278.0
96762.0
29530.0
-235438.0
-429638.0
-327994.0
-330744.0
-427278.0
-569628.0
-746874.0
-882932.0
-970520.0
-1001490.0
-978152.0
-604204.0
-281736.0
-77848.0
-1994.0
-13858.0
-81192.0
-255118.0
-537946.0
-921004.0
-1255616.0
-1127310.0
-1075066.0
-1150522.0
-1065958.0
-957188.0
-701726.0
-394466.0
-214592.0
-196712.0
-280238.0
-285116.0
-424742.0
-529154.0
-520148.0
-539294.0
-578414.0
-620312.0
-588936.0
-486994.0
-258924.0
-11320.0
249310.0
427824.0
466722.0
355318.0
121638.0
-105100.0
-187516.0
-369602.0
-647276.0
-1007448.0
-1032694.0
-927122.0
-771500.0
-588742.0
-366730.0
-89202.0
271764.0
746408.0
1345456.0
2047314.0
2797844.0
3526480.0
4176668.0
4742324.0
5297470.0
6005470.0
7098052.0
1.1588474E7
2.2467898E7
4.1893664E7
7.1637942E7
1.11881018E8
1.611497E8
2.15344756E8
2.68226348E8
3.13022838E8
3.43447096E8
3.54994472E8
3.45912092E8
3.17582648E8
2.74220174E8
2.2196075E8
1.67590728E8
1.17240258E8
7.5357644E7
4.4179094E7
2.3755598E7
1.269539E7
8044566.0
7100894.0
7632418.0
8150688.0
7950052.0
7035806.0
9984692.0
2.1046412E7
3.798303E7
6.09406E7
8.8851354E7
1.19366936E8
1.49110986E8
1.74230698E8
1.91135224E8
1.97243414E8
1.91547552E8
1.74841818E8
1.49552682E8
1.19216794E8
8.7745854E7
5.8669268E7
3.453937E7
1.6989222E7
5673666.0
2690058.0
1917460.0
1448696.0
1130518.0
822460.0
431706.0
-72506.0
-543414.0
-714458.0
-965794.0
-688636.0
-513760.0
-449522.0
-506274.0
-692808.0
-846498.0
-1001994.0
-748734.0
-448798.0
-149564.0
141212.0
382160.0
564304.0
676310.0
849768.0
1124472.0
1194312.0
1031676.0
646232.0
345028.0
250006.0
4852.0
-432772.0
-819434.0
-893516.0
-948872.0
-720878.0
-370280.0
-90498.0
95686.0
218664.0
275024.0
243230.0
133204.0
-40306.0
-187308.0
128558.0
351466.0
352854.0
113088.0
-274544.0
-542744.0
-28004.0
268760.0
330466.0
170500.0
-172446.0
-477680.0
-199854.0
342860.0
743214.0
928654.0
866128.0
730336.0
881108.0
895576.0
814022.0
680182.0
626464.0
647692.0
698662.0
776446.0
741564.0
611984.0
582532.0
857132.0
1737848.0
2687584.0
3659198.0
4599160.0
5459204.0
6207470.0
6835500.0
7359478.0
7942332.0
9154700.0
1.031498E7
1.14622E7
1.3011376E7
1.61569E7
2.1880372E7
3.1814616E7
4.7328636E7
6.9426362E7
9.7529044E7
1.30534682E8
1.66232914E8
2.01492154E8
2.32684892E8
2.56273742E8
2.69433564E8
2.70567648E8
2.59597488E8
2.37960648E8
2.08323272E8
1.74586634E8
1.39987072E8
1.07336358E8
8.7949742E7
1.07296722E8
1.24092194E8
1.36881826E8
1.44520088E8
1.46317258E8
1.42138062E8
1.32664532E8
1.1861961E8
1.0137152E8
8.253864E7
6.3741486E7
6.1229782E7
6.6373158E7
6.8062254E7
6.6282532E7
6.1493116E7
5.4523742E7
4.6404386E7
5.746892E7
6.813194E7
7.6688958E7
8.2187932E7
8.4057618E7
8.2194954E7
7.6957528E7
6.9070112E7
5.9623088E7
5.2023596E7
7.2853684E7
1.03922942E8
1.39599712E8
1.75966986E8
2.09554146E8
2.37922056E8
2.56630664E8
2.63451032E8
2.576661E8
2.40221806E8
2.13544572E8
1.81066306E8
1.46573524E8
1.13538934E8
8.4589434E7
6.121746E7
4.376932E7
3.176494E7
2.3957062E7
1.9012158E7
1.5786652E7
1.3452944E7
1.1534858E7
9838914.0
8373744.0
7263310.0
6362956.0
5626718.0
5019878.0
4441586.0
3803766.0
3077992.0
2267320.0
1400070.0
520796.0
18272.0
-106688.0
-174362.0
-82132.0
43534.0
265864.0
760152.0
1623848.0
2339380.0
2859630.0
3718770.0
4678932.0
5617628.0
6501336.0
7309964.0
8039096.0
8705058.0
9419370.0
1.0327382E7
1.1773834E7
1.3632712E7
1.6125016E7
1.9572192E7
2.4662004E7
3.639945E7
5.9999364E7
9.778767E7
1.44698844E8
1.9680867E8
2.48200094E8
2.92355628E8
3.23104904E8
3.54583818E8
3.6854921E8
3.61175148E8
3.34222512E8
2.92211074E8
2.41422492E8
1.88599968E8
1.39675296E8
9.9292956E7
6.9014158E7
4.9106786E7
3.7362686E7
3.0758978E7
2.6991394E7
2.44947E7
2.237098E7
2.0186648E7
1.7944114E7
1.5920026E7
1.4439336E7
1.3563322E7
1.3217754E7
1.3208562E7
1.3304958E7
1.3311042E7
1.3103046E7
1.2630928E7
1.1898096E7
1.1040346E7
1.001959E7
8863568.0
7635990.0
6545818.0
5523490.0
4639134.0
3936428.0
3420184.0
3057114.0
3045372.0
3299698.0
3337970.0
3517686.0
3598478.0
3447430.0
3081470.0
2536010.0
1858928.0
1447450.0
1538934.0
1697562.0
1833842.0
1931540.0
1990016.0
2019586.0
2033842.0
2042054.0
2044110.0
2029298.0
2046156.0
2038064.0
1949426.0
1760178.0
1457968.0
1042522.0
551590.0
361644.0
565420.0
409982.0
-36122.0
-450702.0
-427308.0
-89760.0
683248.0
1434314.0
2009474.0
2317624.0
2300384.0
2069040.0
1612388.0
1124244.0
524770.0
-109080.0
183952.0
453784.0
535288.0
392698.0
33736.0
-120150.0
287078.0
949248.0
1482972.0
1793492.0
1832058.0
1603176.0
1159354.0
614722.0
183888.0
235584.0
85172.0
-26456.0
-38854.0
-155454.0
-10898.0
138922.0
147278.0
-10890.0
-328610.0
-414012.0
-225878.0
-187302.0
-304744.0
-341954.0
-188286.0
68878.0
416030.0
812862.0
1201284.0
1617710.0
1899962.0
2062508.0
2086420.0
1974778.0
1806066.0
1991788.0
2947640.0
3936992.0
6569780.0
1.9904836E7
3.7179848E7
5.6350578E7
7.5224142E7
9.0768156E7
1.0070309E8
1.03618942E8
9.9286266E7
8.8684786E7
7.3745946E7
5.6888038E7
4.071174E7
2.6996046E7
1.6396798E7
9162812.0
4881558.0
2750256.0
1874492.0
1531388.0
1852386.0
1856388.0
1511142.0
1166212.0
1188548.0
1228344.0
1101244.0
798290.0
325790.0
-293046.0
-1017604.0
-1350692.0
-1211200.0
-1173930.0
-1043106.0
-935654.0
-714300.0
-452014.0
-153700.0
166080.0
472716.0
815262.0
1024576.0
1049818.0
879444.0
531190.0
182246.0
277584.0
258778.0
135984.0
-84106.0
-397796.0
-596554.0
-710390.0
-860332.0
-1003050.0
-1117032.0
-551986.0
81204.0
572300.0
918486.0
1158766.0
1175492.0
1000030.0
732102.0
275612.0
-225390.0
-830350.0
-1368638.0
-1407992.0
-1505904.0
-1366762.0
-933704.0
-575770.0
-347924.0
-266804.0
-350682.0
-533136.0
-731532.0
-801678.0
-738522.0
-600354.0
-462658.0
-273324.0
-15122.0
393272.0
725546.0
841934.0
737414.0
452628.0
59984.0
-358190.0
-732830.0
-594834.0
-518010.0
-529076.0
-573896.0
-699422.0
-476848.0
-257524.0
-145570.0
-137182.0
-223786.0
-360574.0
-503430.0
-687262.0
-523966.0
-506852.0
-709790.0
-1073616.0
-1590386.0
-1706400.0
-1294598.0
-862870.0
-492250.0
-215554.0
-50492.0
4240.0
-32412.0
-69968.0
153644.0
309010.0
340584.0
300446.0
242378.0
245378.0
219506.0
196826.0
372712.0
619338.0
991232.0
1373030.0
1667354.0
1823506.0
1835312.0
1712766.0
1475912.0
1327226.0
1175506.0
1015764.0
856844.0
695068.0
517482.0
307990.0
70498.0
-142362.0
141880.0
244008.0
76000.0
-327384.0
-124144.0
-44412.0
-124086.0
-317686.0
-561274.0
-581196.0
-359344.0
-181294.0
-38534.0
149544.0
353720.0
524992.0
634984.0
635620.0
573770.0
454876.0
272286.0
190548.0
122512.0
86770.0
52702.0
-79638.0
-326922.0
-615776.0
-851344.0
-782678.0
-742308.0
-783358.0
-659276.0
-601364.0
-214146.0
224820.0
568260.0
744566.0
700714.0
418990.0
-72720.0
-321180.0
-321300.0
-342860.0
-310674.0
-279366.0
-283220.0
-349434.0
-504500.0
-696480.0
-570372.0
-498398.0
-389506.0
16446.0
190544.0
244940.0
172754.0
96348.0
61614.0
75272.0
108250.0
81700.0
-35446.0
-237360.0
-495178.0
-601238.0
-731914.0
-939726.0
-1130178.0
-976684.0
-778214.0
-395534.0
-236376.0
-327794.0
-653632.0
-360660.0
-80560.0
120844.0
203174.0
178570.0
181966.0
459648.0
643634.0
712238.0
648720.0
446444.0
113864.0
-322520.0
-96942.0
513418.0
893306.0
983590.0
775802.0
528976.0
504130.0
329452.0
231344.0
114550.0
-36096.0
-183586.0
-114286.0
-30354.0
125012.0
344950.0
535708.0
733136.0
982866.0
1373512.0
1999650.0
2923330.0
4136050.0
5537804.0
7094684.0
8540526.0
9661414.0
1.0506382E7
1.0848976E7
1.09495E7
1.0805756E7
1.0594928E7
1.0474472E7
1.0686872E7
1.0930208E7
1.0870918E7
1.0170404E7
8591426.0
8099100.0
9037452.0
9547168.0
9433062.0
8878570.0
8283330.0
9498724.0
1.263565E7
1.3930498E7
1.2887264E7
9639316.0
5904764.0
